   6.25047492634772        2.49275114523452     
   6.65382542026607        2.74251363105273     
   6.96860592290170        2.64329822988066     
   6.72173451954026        2.58473378613769     
   6.74077808851131        2.66394770088914     
   6.71897409903823        2.66444993557631     
   6.85242999981255        2.69495332572690     
   6.78254615549639        2.65823504786761     
   6.66380193598579        2.62846440675908     
   6.80095097512805        2.65900100511755     
   6.78225370548758        2.63174683175322     
   6.80493748232393        2.66529768805557     
   6.81100660190439        2.63582331221127     
   6.70180869479148        2.65455647519472     
   6.74820513806656        2.67150007410814     
   6.78259457019890        2.65874838562385     
   6.77648213357602        2.63568107771114     
   6.78447048904705        2.64268714936208     
   6.72325007264440        2.65242000863490     
   6.77234924977411        2.67041532076014     
   6.74495785861625        2.65815059725713     
   6.74876713475856        2.64441477155431     
   6.76270725859059        2.65471004314199     
   6.79511402375191        2.66137578383069     
   6.74686064879047        2.64617495379191     
   6.74154690661449        2.65056749312400     
   6.75449321547020        2.65501720356513     
   6.77908670437953        2.65357696839170     
   6.75775492551748        2.65145423089968     
   6.75298718924765        2.65607767702755     
   6.77020396321108        2.65137785771716     
   6.76901060776366        2.65319617948917     
   6.75596121205390        2.66173651015716     
   6.76664576739617        2.65577101755297     
   6.73582809411689        2.64909584386282     
   6.75267456150275        2.65349513573049     
   6.77269219522791        2.65887364647616     
   6.74727761913017        2.66311849786157     
   6.74538272857784        2.66418965855423     
   6.74649203767481        2.66077169607077     
   6.74595725479476        2.65603478740084     
   6.74277129173511        2.65047284307797     
   6.75404944068296        2.66525584949463     
   6.75345150500285        2.66091850104598     
   6.73966548584079        2.65906249264294     
   6.74583979307148        2.66791040842826     
   6.75550593633719        2.66058252354884     
   6.73881137680587        2.65773012395109     
   6.73626156579053        2.66022610395162     
   6.75702523688012        2.66699514652878     
   6.75495433257876        2.66270055750958     
   6.74488865248289        2.65620100903462     
   6.76227144847982        2.66062635761143     
   6.74067549571089        2.65814381796202     
   6.74350382861373        2.65583875968150     
   6.76425474423686        2.65984040432407     
   6.75445575013095        2.66313178292112     
   6.74887414009772        2.65701113263770     
   6.74966417426974        2.65818686918337     
   6.75338306892408        2.65548617150279     
   6.76193056845353        2.65629922436378     
   6.75449073309836        2.65517653087543     
   6.75312793078471        2.65780538597762     
   6.75604679096876        2.66264971749406     
   6.74889713695605        2.65683080557238     
   6.75755717416956        2.65983383518304     
   6.74573371489441        2.66167537095987     
   6.74678653394735        2.65761385418457     
   6.75205257962045        2.65838490444070     
   6.75718787290345        2.66379898675760     
   6.75593587796731        2.65726669832676     
   6.74770249035032        2.66110618961391     
   6.75256411452052        2.65767622807183     
   6.74954505665202        2.65726464100562     
   6.76076526855920        2.66061725457985     
   6.74327190976485        2.65964309164000     
   6.74478306837371        2.65945575769080     
   6.75017052071107        2.65824065118788     
   6.74353827836235        2.66123938711087     
   6.75842205202135        2.65939827076757     
   6.74769908898546        2.65961797605029     
   6.74725188088500        2.66103582891861     
   6.75447759212821        2.66047016219160     
   6.74616283893255        2.65992220652442     
   6.74705898858758        2.65759375267440     
   6.75612301088156        2.65527483160897     
   6.76049958385635        2.66138572138634     
   6.75290949915185        2.66049275316398     
   6.75178968841852        2.65981203332572     
   6.75290254592609        2.65783139863345     
   6.74923730745618        2.65794265202544     
   6.75849118928161        2.65861615508225     
   6.75555979007880        2.65970186899014     
   6.75388952419297        2.65700364039959     
   6.75560580831668        2.66153636645775     
   6.75762420634522        2.66227848848720     
   6.74947701500109        2.65671517110007     
   6.75334156617906        2.65889372913425     
   6.75123732097554        2.65946262725616     
   6.74877663671785        2.65513083712510     
   6.74429267894154        2.65820018369478     
   6.75613897285230        2.66292925634688     
   6.75186768920932        2.65785714981210     
   6.75227128561802        2.65588935990849     
   6.74814183688356        2.65891783787069     
   6.75215146488335        2.66461354774191     
   6.74854237192681        2.66203341032602     
   6.75127058443529        2.65989652081734     
   6.75159159371467        2.66210730800410     
   6.75055642121673        2.66367830905262     
   6.74327393156636        2.66013776767803     
   6.75233135654435        2.65835114565629     
   6.75092278119474        2.65979625405109     
   6.75540792180185        2.65844724579128     
   6.75659262975545        2.66065914243648     
   6.75179811794376        2.65933528831127     
   6.74709216575319        2.65790797317138     
   6.75416773130256        2.65861863121102     
   6.75397030956484        2.66092181542727     
   6.74843133522133        2.65538887155121     
   6.75305307973986        2.65774879344509     
   6.75703104305900        2.65958052945370     
   6.75475898338092        2.65795047477835     
   6.75814895382765        2.66233548605834     
   6.76012092959329        2.65832505535463     
   6.76151388774080        2.65986144907479     
   6.75951273318725        2.65661572539733     
   6.76684391280786        2.65726447721164     
   6.75285744927892        2.65478308337571     
   6.75297544769590        2.65645550040251     
   6.75943110010160        2.65707868681805     
   6.76219042270566        2.65481489639331     
   6.75500557930976        2.65506933939579     
   6.75832695083105        2.65687634798350     
   6.75848573527653        2.65626131426063     
   6.75742897077743        2.65487153304288     
   6.75996606733929        2.65760077560787     
   6.75990492335441        2.65780867233210     
   6.75721311259843        2.65505228778729     
   6.75568396727208        2.65611257342084     
   6.75877337306658        2.65598066054185     
   6.75525050178692        2.65835568833131     
   6.76162136363453        2.65989917523004     
   6.75648450391975        2.65652594708657     
   6.75593846773436        2.65750755024197     
   6.75162222550838        2.65529415351695     
   6.75275663249220        2.65932645537161     
   6.75401429643952        2.65814240372504     
   6.75630438805212        2.65966246587985     
   6.75201452395663        2.65684951390664     
   6.75207479508503        2.65783239607780     
   6.74277342979410        2.65724476069267     
   6.75273239236748        2.66071708866908     
   6.75127042029667        2.66190156204347     
   6.74993670990741        2.65901996675341     
   6.74267549488274        2.65909109362463     
   6.75290254616445        2.66404704133740     
   6.74793910963577        2.66171067585987     
   6.74886149653203        2.65859646651407     
   6.74221799650602        2.66076416083251     
   6.75216835203661        2.66372201637066     
   6.74994277952272        2.65762814824691     
   6.73911604537138        2.65874561398827     
   6.74910928918156        2.66413631355888     
   6.75637294386181        2.66151986299377     
   6.74894770950303        2.65873732647553     
   6.74672420819269        2.66454177668461     
   6.74917361339238        2.65779779578239     
   6.75165316524178        2.66087127581513     
   6.74957829687666        2.65913918514629     
   6.74798743453109        2.65854356528437     
   6.74962556336322        2.65770900004888     
   6.75660089170453        2.65995045091649     
   6.75356995545311        2.65859595296594     
   6.74996699986443        2.65267505260810     
   6.74891490996645        2.66033289801639     
   6.75701629319465        2.65932543679602     
   6.75222352614594        2.65824341295280     
   6.75074748490366        2.65772937119284     
   6.75411699806253        2.66129273635976     
   6.75411743042421        2.65855765137332     
   6.75356837181319        2.65989755470273     
   6.75206070124970        2.65656216017849     
   6.75104357602117        2.65708119957696     
   6.75049179649863        2.65866370304992     
   6.75184184888605        2.65988690907335     
   6.75277242767683        2.66053736064035     
   6.74890346939103        2.65813166614665     
   6.75107602541038        2.65965881651594     
   6.74960090061620        2.65850725234294     
   6.74850346460834        2.65964988181555     
   6.74564580629272        2.65708211037301     
   6.75060806943786        2.65976729583254     
   6.74963717662375        2.66044061060487     
   6.75234291846540        2.66086894487060     
   6.75157232310011        2.65861874865921     
   6.74974701277864        2.65766690101429     
   6.75031926128808        2.66040403335283     
   6.75012657125195        2.65903403926551     
   6.75378745810962        2.66147500346970     
   6.75610374560575        2.65846212628369     
   6.75150220193310        2.65973360428339     
   6.74831272531087        2.65761729437543     
   6.74589972464637        2.65512029674186     
   6.74833016669784        2.65706127799361     
   6.75387695076225        2.65616259662575     
   6.75436934265657        2.66074492078959     
   6.75342611482078        2.65831532284895     
   6.75376153561976        2.65767521858077     
   6.75713867298787        2.65789095927208     
   6.75230773908087        2.65765291705796     
   6.75369202789011        2.65841479075653     
   6.75225079505261        2.65605260860977     
   6.75099735483643        2.65738513494540     
   6.75245140804895        2.65863387237128     
   6.75594564086980        2.65946466784741     
   6.75387584582875        2.65908791521716     
   6.75131661341169        2.65761576430161     
   6.75232246623290        2.65839553260016     
   6.74745524335750        2.65824516491840     
   6.74429280886641        2.65699706550648     
   6.75125229315752        2.65858134533407     
   6.74717500166987        2.65937244053397     
   6.75179865809526        2.66094605069335     
   6.75108921785355        2.65919654818500     
   6.74931550991882        2.65871612930632     
   6.74525577194437        2.66036306103265     
   6.74984405631769        2.66145889887258     
   6.75098774408946        2.66018874527524     
   6.74670357892823        2.66002673692026     
   6.74530411112856        2.66041452984368     
   6.75188186483713        2.66044223973267     
   6.74124840840487        2.65897831512190     
   6.74805296394660        2.66154390690681     
   6.74347714747604        2.66139679146807     
   6.75099940313333        2.65899457929443     
   6.75439569596009        2.65781221638546     
   6.75094807474627        2.65856899040397     
   6.74976564543236        2.66041893120922     
   6.75361525605359        2.65867682533577     
   6.74779562754511        2.65733780906714     
   6.74914543812853        2.65885241878290     
   6.75573570901480        2.65974392601631     
   6.75257203860025        2.65764654242212     
   6.74931303510642        2.65641404106388     
   6.75178426408260        2.65943746875728     
   6.76040069884817        2.65712446584773     
   6.75658527126329        2.65580242805024     
   6.75238540820312        2.65305756212862     
   6.75466362021714        2.65457887243630     
   6.75269606915439        2.65502946122800     
   6.75797220517685        2.65735105619327     
   6.75313657038441        2.65479787919521     
   6.75404621255343        2.65632237460907     
   6.75460634177965        2.65808912006797     
   6.75292530620728        2.65712058744323     
   6.75615813623909        2.65593202788737     
   6.75364092888112        2.65862066516443     
   6.74928618745127        2.65825147885918     
   6.75798027572644        2.65641923856057     
   6.75708724234953        2.65846626773173     
   6.75354525567205        2.65551087770225     
   6.75275049645440        2.65671409838189     
   6.75273466386324        2.65819734002331     
   6.75518360116397        2.65727281025212     
   6.75565230391011        2.65714110079663     
   6.75422491477811        2.65785187487022     
   6.75167425202771        2.65683152683219     
   6.75034406240569        2.65835481085931     
   6.75546416045526        2.65890526302573     
   6.75298821190225        2.65772301568658     
   6.74902188084730        2.65929357117935     
   6.75289849665358        2.65913994084112     
   6.75356235950291        2.65832809942346     
   6.75270107177306        2.65915724141610     
   6.74983202203556        2.65722420662813     
   6.75207164469433        2.66021351262794     
   6.75369184948464        2.65780975743421     
   6.74807912426162        2.65749463646652     
   6.75071103286409        2.65621703772777     
   6.74820906331526        2.65977385173549     
   6.75027444142741        2.66152781536392     
   6.75084496233854        2.65789381773603     
   6.75246211418392        2.65698065386266     
   6.74787408112863        2.66064379097804     
   6.74916331737845        2.65743005328519     
   6.75015001083873        2.65732525249732     
   6.75326432803826        2.66016624741056     
   6.75177716993714        2.65729666066286     
   6.75571871342182        2.66181923146780     
   6.75674950711084        2.66426058185518     
   6.75819910740710        2.66037145718313     
   6.74829079802139        2.65929951431906     
   6.74758038066616        2.65845464712994     
   6.74845479586445        2.65889517774629     
   6.74646944632083        2.65809151021686     
   6.74170046604960        2.65860131023403     
   6.74311933283146        2.65968403385490     
   6.74655495449291        2.65951713773727     
   6.74601231021105        2.65856618538995     
   6.74837899410065        2.66341361633300     
   6.75281460088739        2.66157783046347     
   6.74550903627729        2.66046118494684     
   6.74778212735855        2.66053412722384     
   6.74638538856977        2.65917520572986     
   6.75372652068826        2.66217010302922     
   6.75487741932350        2.65966458784081     
   6.74475974309487        2.65568505294581     
   6.74354266041555        2.65947386199457     
   6.75295213935390        2.65931029048244     
   6.75263954662752        2.66083738877213     
   6.75310485409126        2.65766470434084     
   6.74947638888783        2.65833366193813     
   6.75249553685659        2.65894039599004     
   6.75595451183593        2.65893410127857     
   6.74874537518622        2.65816811281113     
   6.75415236586592        2.65724937920143     
   6.75199970457964        2.65787341069152     
   6.75123891014329        2.65730630533104     
   6.75463849622696        2.65768938504740     
   6.74941086924472        2.65622679848213     
   6.75266485773665        2.65720199078678     
   6.75216592546400        2.65716489970747     
   6.75970851160671        2.65825003929057     
   6.75284855106832        2.65691507851728     
   6.75625052479635        2.65723981740142     
   6.75479378935397        2.65742884256781     
   6.75804702582739        2.65810003871668     
   6.75681291186267        2.65884539488471     
   6.75606144608214        2.65703352144587     
   6.75024200645135        2.65704352379482     
   6.75148082969580        2.65663237085238     
   6.75962659809675        2.65785351465647     
   6.75476329236927        2.65682766530162     
   6.75063388648150        2.65617788545029     
   6.75628927774618        2.65747631734852     
   6.75291723103962        2.65815746620196     
   6.75655650945448        2.65795051193050     
   6.75097497593698        2.65723004747008     
   6.74805381229135        2.65676508492483     
   6.75216825544053        2.65589745239555     
   6.75647584555229        2.65864678688022     
   6.74816142167416        2.65790110235361     
   6.75525684476949        2.65759220445594     
   6.75640300193220        2.65648326530012     
   6.75897278572464        2.65889339366706     
   6.75485080425002        2.65834044678987     
   6.75091266780739        2.65647071085748     
   6.75655661155913        2.65863441341978     
   6.75740475897407        2.65778399585023     
   6.74671088225150        2.65698716083922     
   6.75028318805459        2.65583950338123     
   6.75500190868094        2.65889685280378     
   6.75226801103580        2.65713064427443     
   6.75104047169275        2.65890734946606     
   6.75339654810029        2.65491249916194     
   6.75291135400064        2.65840777587626     
   6.75245857091409        2.65793515056762     
   6.75743958733423        2.65781392595789     
   6.75484192175591        2.65641975284138     
   6.75578541020809        2.65780539068684     
   6.75743266212196        2.65705257420902     
   6.75406641089832        2.65597561133978     
   6.75544841922636        2.65822499639269     
   6.75548767809168        2.65995704554737     
   6.75633591824621        2.65830212939187     
   6.75398992733613        2.65413481339959     
   6.75258412153506        2.65438853648379     
   6.75501978546209        2.65886810965212     
   6.74907266015064        2.65449514112575     
   6.75282282511040        2.65529423676308     
   6.75423370291064        2.65895202308700     
   6.75435017673822        2.65939518060865     
   6.75393755139397        2.65716850574873     
   6.75239805115065        2.65801914213072     
   6.74960762012420        2.65879242967923     
   6.75255311473038        2.65879717229593     
   6.75638103208828        2.65523634018954     
   6.75349851905725        2.65618175852478     
   6.74851019538711        2.65709453093801     
   6.75534046139880        2.65992173804738     
   6.75470758089058        2.65498870921123     
   6.74840652393602        2.65635505304583     
   6.75678911109471        2.65827398024691     
   6.75111051558559        2.65758000894631     
   6.75374077499378        2.65764603948311     
   6.75467403307709        2.65651719675243     
   6.75089410680067        2.65544537378461     
   6.75640808588810        2.65824483921035     
   6.75067300217773        2.65619528862242     
   6.75363462610200        2.65833104389940     
   6.75516718706769        2.65712890738469     
   6.75329695679191        2.65829678487905     
   6.75533751510197        2.65669565383395     
   6.74931951200070        2.65422262259734     
   6.75037328695529        2.65637951043565     
   6.75542795764407        2.65672242241223     
   6.75682950441764        2.65707106362280     
   6.75318110731336        2.65670560259648     
   6.75324081129890        2.65654892761214     
   6.75609746651702        2.65883663985913     
   6.75420314068810        2.65442962040801     
   6.75175518220448        2.65834946662136     
   6.74998997196253        2.65835010751996     
   6.75154312025850        2.65842284343077     
   6.75222573704380        2.65532863736876     
   6.75527825567123        2.65855375266409     
   6.75179356439356        2.65557090620681     
   6.75024306887777        2.65588394815873     
   6.75002494267224        2.65725925093609     
   6.75489301274626        2.65891364227578     
   6.75850173365301        2.65984815694230     
   6.74980303563755        2.65841361703042     
   6.75505288260704        2.65558694543242     
   6.74836038717631        2.65870324550607     
   6.75536077083796        2.65668644673438     
   6.75007116830303        2.65872975566578     
   6.75340636363711        2.65839233624219     
   6.74778583270632        2.65957272821677     
   6.75542668183751        2.65975616500198     
   6.75138352911655        2.65863606626789     
   6.75093490072650        2.65686923421727     
   6.74794607682830        2.65834293119259     
   6.74550139481076        2.65781916261555     
   6.75230308949022        2.65763590978282     
   6.75346947547927        2.65598029176711     
   6.75307428224589        2.65486950778632     
   6.75394988409924        2.65862175777721     
   6.75571902975341        2.65757130229850     
   6.74998486326973        2.65530262324376     
   6.74850294972085        2.65768103366577     
   6.75547395255064        2.65786846466536     
   6.75753820227311        2.65843800701119     
   6.75713307095905        2.65575471223754     
   6.75677842036810        2.65987867581779     
   6.76053332406923        2.65812627406453     
   6.75558872327372        2.65548780739162     
   6.75810983121351        2.65599618578083     
   6.75627893648137        2.65807992667544     
   6.75545802777079        2.65710078630926     
   6.75010721965410        2.65642317424257     
   6.75592420894521        2.65731058075724     
   6.75403443142970        2.65872596653316     
   6.75729193283619        2.65597086260005     
   6.75675214548381        2.65728546767808     
   6.75685802147361        2.65702973894797     
   6.75469859375958        2.65714145029268     
   6.75599496476485        2.65599287987179     
   6.75436298707070        2.65731126528048     
   6.75675777508015        2.65714687511718     
   6.75656237877420        2.65670669389910     
   6.75648562326275        2.65774852079312     
   6.75308681119732        2.65740629153767     
   6.75141666581067        2.65712291630421     
   6.75544078922829        2.65735316492181     
   6.75829842608004        2.65793838425991     
   6.75633634556633        2.65836037143337     
   6.75535709887547        2.65756432152090     
   6.76009624448010        2.65884191091531     
   6.75872635461625        2.65807316510190     
   6.76083002761922        2.65709491000353     
   6.75634038049248        2.65761194941530     
   6.75689743898057        2.65806231192103     
   6.75802527397478        2.65706000592775     
   6.75713758618249        2.65500813765715     
   6.75035537830962        2.65872490694525     
   6.76371881311621        2.65531837998897     
   6.76056713651751        2.66041802589360     
   6.76178542904898        2.65577961302964     
   6.75978601696697        2.65598047908341     
   6.76155839861639        2.65724171090934     
   6.75931098679286        2.65530666319778     
   6.75701222857051        2.65488627579904     
   6.75901831414873        2.65728582372172     
   6.76222926369783        2.65782981901345     
   6.76231781187874        2.65682922592039     
   6.75901756155339        2.65692101648317     
   6.76086360224107        2.65610040529339     
   6.76104887774580        2.65637923476851     
   6.76368732149467        2.65384179573390     
   6.75970214194665        2.65360488644359     
   6.76023411690726        2.65391571454367     
   6.76210412409609        2.65480902237189     
   6.76214857826461        2.65575598105524     
   6.76465985966394        2.65494580058797     
   6.76133610655083        2.65572736131690     
   6.76187933820165        2.65362702842267     
   6.76018724535746        2.65498169666604     
   6.76332351203207        2.65227398517730     
   6.75960747983074        2.65493763426549     
   6.76258519441074        2.65378571105865     
   6.76143027948228        2.65550687182124     
   6.75913248611995        2.65516923966638     
   6.75964870863387        2.65398251802755     
   6.76237129406298        2.65600351709116     
   6.76242922007857        2.65457949752934     
   6.76205601472118        2.65518312161156     
   6.75982661549536        2.65696690680240     
   6.75700444258366        2.65604179291596     
   6.76093757607881        2.65516779551094     
   6.75487178250815        2.65556832834898     
   6.76146571786194        2.65643177732112     
   6.76273575101940        2.65451473775840     
   6.75226584782297        2.65491141674512     
   6.75456915139039        2.65638018611992     
   6.75797518153384        2.65656658581911     
   6.76188355402186        2.65746958718222     
   6.75734795475763        2.65389590398088     
   6.75831350014785        2.65492799203391     
   6.75876187471527        2.65611011523690     
   6.75827779955190        2.65744817434454     
   6.75523999453601        2.65573876907303     
   6.75582347655750        2.65917626585314     
   6.75815709378816        2.65653794949719     
   6.75736330934078        2.65539668181773     
   6.75529027994781        2.65688693143415     
   6.75920539525534        2.65459125063615     
   6.75669173038028        2.65626429151293     
   6.75398682805637        2.65433110364057     
   6.75416498677344        2.65559943913543     
   6.75716528280546        2.65515209494151     
   6.75518686538719        2.65659435521521     
   6.75605790972845        2.65607905811438     
   6.75623254499951        2.65559032500534     
   6.75909357239998        2.65734586463321     
   6.75716370388068        2.65441272576069     
   6.76223107817662        2.65396953185390     
   6.75524946438371        2.65483928765295     
   6.75351249528088        2.65664397603486     
   6.75754485997570        2.65663996123133     
   6.75965914256244        2.65502066558985     
   6.75391115890987        2.65622728254705     
   6.75947620961039        2.65533869104073     
   6.75995350520923        2.65402237476670     
   6.75210999335043        2.65438933391277     
   6.75849081673336        2.65300263436301     
   6.76044462844185        2.65480894456704     
   6.76117938107512        2.65453971905064     
   6.75679768673939        2.65309079256878     
   6.76166420217374        2.65489196832054     
   6.76032588337597        2.65699911161066     
   6.76310019476477        2.65407411578771     
   6.75920632739041        2.65465267933883     
   6.75941505870061        2.65625220868113     
   6.76281612378304        2.65514131466347     
   6.75982474271921        2.65270870466016     
   6.75902664698565        2.65492115184122     
   6.75822081400858        2.65450186105131     
   6.76266242453419        2.65367885945975     
   6.75569625862098        2.65671472248014     
   6.76184269060276        2.65416804997420     
   6.75883230482764        2.65197772474021     
   6.75187665253113        2.65353527448491     
   6.76380697488765        2.65622654563379     
   6.76214686263446        2.65501047654502     
   6.76143575063252        2.65538865078250     
   6.75728183996309        2.65332830055786     
   6.76229411005379        2.65522171950886     
   6.75849514678102        2.65541372484059     
   6.75955919908689        2.65391566349681     
   6.75672751557121        2.65262739109501     
   6.76138541813012        2.65587525633182     
   6.76145402861396        2.65384533315719     
   6.75796338527127        2.65458789772951     
   6.76159275993417        2.65386232212453     
   6.75947836297821        2.65527135295746     
   6.76032716270549        2.65634215520031     
   6.76144147376684        2.65561529613391     
   6.75934153634648        2.65406480366445     
   6.75645042367227        2.65340308522104     
   6.76443696460455        2.65567221867413     
   6.75804953181466        2.65606116747230     
   6.75830462270012        2.65352573330985     
   6.76321316737691        2.65538718259714     
   6.76055929490745        2.65420202408771     
   6.75584788352729        2.65464683671100     
   6.75875861659233        2.65478192444241     
   6.75648928677739        2.65307786647940     
   6.75671398983957        2.65348871516568     
   6.75516670850750        2.65468387914169     
   6.75949551704148        2.65447382676908     
   6.75818608732979        2.65521716383072     
   6.75729717898841        2.65483572329410     
   6.75696924123667        2.65461161681716     
   6.76117584421752        2.65557667347809     
   6.75785996569722        2.65458792621840     
   6.75992426057251        2.65578919232283     
   6.75932646012183        2.65542981936631     
   6.76023611990510        2.65578252337158     
   6.76345409588386        2.65460206992810     
   6.76161599284641        2.65379234327756     
   6.76067033086646        2.65403638799633     
   6.76003003247289        2.65528670287985     
   6.76283217670363        2.65383628468918     
   6.75991381137480        2.65476971196381     
   6.76291190821098        2.65494494961739     
   6.75852878232207        2.65379492436705     
   6.75618714193395        2.65204759790499     
   6.75509784058374        2.65391011918984     
   6.76023555872643        2.65394531324266     
   6.76030581854091        2.65284833671414     
   6.76307947081474        2.65565005517464     
   6.75866111494544        2.65393076556864     
   6.76151545355819        2.65319564209019     
   6.76513995137764        2.65710200171086     
   6.75997838203023        2.65467019271490     
   6.75789173299562        2.65267615623494     
   6.75705817867897        2.65392783302944     
   6.75819071987995        2.65307476786905     
   6.75668903690706        2.65275812955834     
   6.75746391257500        2.65492324776863     
   6.76141687709999        2.65404496444186     
   6.76166637002965        2.65382263911427     
   6.76089105172916        2.65364196963513     
   6.75789313784870        2.65457626266185     
   6.76165736750542        2.65562954991102     
   6.76026979133347        2.65248463811095     
   6.75784646188983        2.65528524920191     
   6.76093865437810        2.65361633322940     
   6.75617115632923        2.65347201313464     
   6.75430702467316        2.65495694150320     
   6.76500271096207        2.65536758470807     
   6.75759470927831        2.65585074908909     
   6.75898330968242        2.65237493614820     
   6.75689535279407        2.65580237539095     
   6.75955141036558        2.65425438807132     
   6.75837806129011        2.65601569631814     
   6.75426088691951        2.65507436543554     
   6.75907254431841        2.65382926343560     
   6.75964017901278        2.65341238751802     
   6.75591590671636        2.65625282243982     
   6.75672293669043        2.65744791419284     
   6.76062627375573        2.65546945336168     
   6.75975659200494        2.65735539489443     
   6.75600815720961        2.65518284400201     
   6.75560218648225        2.65400720120487     
   6.75217172614298        2.65449566778648     
   6.75474815380138        2.65780594900847     
   6.75651774973593        2.65499486384782     
   6.75481586949247        2.65222670000999     
   6.75458289917350        2.65429406712308     
   6.75502185322452        2.65442565176172     
   6.75267284463204        2.65552468062718     
   6.75533280196038        2.65703179854163     
   6.75801580357965        2.65383121242556     
   6.75491789256629        2.65404386511479     
   6.75868054248161        2.65644882558132     
   6.75924608170822        2.65416449349056     
   6.75372763850414        2.65470825672253     
   6.75866756351277        2.65564722828443     
   6.75818088353190        2.65625246044321     
   6.75767815515250        2.65519861020345     
   6.75568724377079        2.65177813251253     
   6.75647187341793        2.65476387240193     
   6.75996803264895        2.65671134010710     
   6.76191497597375        2.65375045273853     
   6.75468527911754        2.65415181716929     
   6.75799453385833        2.65523566098523     
   6.75515102692550        2.65527898739159     
   6.76555635739447        2.65329181020790     
   6.76106083885533        2.65420380450820     
   6.75604533599269        2.65197073890341     
   6.75675954247646        2.65265625527023     
   6.76038254303901        2.65360735951851     
   6.75951503676870        2.65453291732855     
   6.76125056513067        2.65348583830935     
   6.75601996964688        2.65440822650098     
   6.76042644866282        2.65383740631986     
   6.75599908036611        2.65298228260907     
   6.76579041369029        2.65336964369721     
   6.75998260110600        2.65308622196017     
   6.76166894232237        2.65566989114919     
   6.75939045028479        2.65196592693684     
   6.76052905091743        2.65336146976784     
   6.76188268783896        2.65401496142639     
   6.76184717593583        2.65496221796350     
   6.76355297618585        2.65216172678591     
   6.76085486808225        2.65215851204084     
   6.76471527660653        2.65370160303916     
   6.76133210225584        2.65446832616919     
   6.76037727061294        2.65503625233268     
   6.76211696219899        2.65216681207838     
   6.75887096672129        2.65314446933904     
   6.76205137231303        2.65297904036822     
   6.76297397761786        2.65381977086680     
   6.76122629483470        2.65315698904312     
   6.76017910191226        2.65495731766543     
   6.76287129754231        2.65393372331227     
   6.76086056205576        2.65382655423066     
   6.76210300778686        2.65667347489544     
   6.75743651865228        2.65508515769846     
   6.75556044933369        2.65468613815828     
   6.75926585032908        2.65396247668880     
   6.75900528620768        2.65652365976836     
   6.75818546366182        2.65385607624211     
   6.76027069362098        2.65397782102398     
   6.75881776478363        2.65419112986786     
   6.75965065971823        2.65642588393948     
   6.76014060587727        2.65526162982787     
   6.75571289184747        2.65406443609305     
   6.75164391482616        2.65455819907876     
   6.75663242079940        2.65713755834451     
   6.75652474066072        2.65567204279585     
   6.75747920938698        2.65649212869968     
   6.75615333731894        2.65638576568905     
   6.75825801608015        2.65728719170553     
   6.75644952164469        2.65710719876110     
   6.75388878906663        2.65437623250378     
   6.75486670343240        2.65516052881505     
   6.75510078716382        2.65678487080297     
   6.75226534210527        2.65551094504602     
   6.75458371212755        2.65425358280289     
   6.75752023986526        2.65572574171085     
   6.75009981251590        2.65591874976070     
   6.75272341852310        2.65509204581554     
   6.75394286727331        2.65631036340612     
   6.75354013743690        2.65779866034418     
   6.75808978475606        2.65640280916649     
   6.75806792936734        2.65534724645172     
   6.75284051324211        2.65401977904862     
   6.76308053869461        2.65615375051224     
   6.75757227607302        2.65506344587590     
   6.75306189540120        2.65345110729993     
   6.75518135104376        2.65424589536105     
   6.75923536355093        2.65477338061410     
   6.75631561720061        2.65833227974915     
   6.75891197472989        2.65325265614992     
   6.75285012909405        2.65520185896004     
   6.75691757982742        2.65655852511375     
   6.75862933281711        2.65629417103510     
   6.75934780437192        2.65379281703296     
   6.75995386914012        2.65295116888463     
   6.75564149832646        2.65313826854056     
   6.75769113509401        2.65483567725906     
   6.76174216305939        2.65510649490346     
   6.76308351003682        2.65209176588678     
   6.75808934451186        2.65256106649494     
   6.75880076806392        2.65376283376414     
   6.75817916580546        2.65143410390292     
   6.75760413896500        2.65232440705351     
   6.76240176539929        2.65411078691999     
   6.76072361736799        2.65421576187335     
   6.76231292549766        2.65248497279492     
   6.76079695796077        2.65327833301042     
   6.75995390970130        2.65419447070268     
   6.76160477402998        2.65294952598611     
   6.75791379964973        2.65165617689323     
   6.75941218424883        2.65114581000417     
   6.75944416284008        2.65395203029929     
   6.76003162712294        2.65668086608291     
   6.76260841457137        2.65319578562367     
   6.76182469906428        2.65250139220719     
   6.76069292851610        2.65519242072078     
   6.76143938727128        2.65527557630225     
   6.76217455293799        2.65258471129954     
   6.75992115003626        2.65152311253061     
   6.75400311527980        2.65008529413227     
   6.75697496487841        2.65346707763424     
   6.75925303679876        2.65479029534711     
   6.75775532088270        2.65200192833753     
   6.76201755885508        2.65263422956825     
   6.76292707270041        2.65448760638360     
   6.76165983093919        2.65522162939688     
   6.75794274023047        2.65225087548303     
   6.75910662432117        2.65475663088812     
   6.75907870826998        2.65485633277226     
   6.75946786915757        2.65526041556322     
   6.75735185316382        2.65435820773455     
   6.75794988958068        2.65289232663642     
   6.75855068700191        2.65528084522973     
   6.76001657007212        2.65600941507851     
   6.76006655828532        2.65436510515013     
   6.75599807604607        2.65497118401859     
   6.75649183422375        2.65734770541971     
   6.75450374160190        2.65606971771609     
   6.75394527891669        2.65615326679248     
   6.75172058972732        2.65605653808857     
   6.74926932818160        2.65832413558369     
   6.75820867131904        2.65819491149950     
   6.75678578735976        2.65798688076177     
   6.75290527958995        2.65806691183157     
   6.75006405001080        2.65803336907662     
   6.74971863621713        2.65938919321248     
   6.74894406508378        2.65900079275108     
   6.75118007463433        2.65988304056685     
   6.74660578530214        2.66138977105497     
   6.75002771550410        2.65947576351259     
   6.74901345310729        2.66098933646613     
   6.74751425407911        2.66123343913382     
   6.74755921800634        2.66160316526999     
   6.75153118979685        2.65791828166418     
   6.74627385052140        2.66131393957594     
   6.74866848975396        2.66265721623641     
   6.74792017999537        2.66185895564049     
   6.74333433708088        2.66135868644585     
   6.74345054783193        2.66160245446295     
   6.74374876868095        2.66219004786109     
   6.74756661197525        2.66238642475573     
   6.74638515926188        2.66073975541122     
   6.74469084076430        2.66218235167488     
   6.74603276977273        2.66171326799318     
   6.74769494590816        2.66057176103351     
   6.74515048953718        2.66159508441026     
   6.74628551452327        2.66134621331805     
   6.74898692027149        2.66138251739242     
   6.74732782087282        2.66041673471146     
   6.75177701560624        2.65907170205688     
   6.74563089745430        2.65848664015920     
   6.75276935456036        2.65797800304334     
   6.75289296460234        2.65866542416415     
   6.75130609092385        2.65796256736863     
   6.75087429246794        2.65735954647558     
   6.75037544809342        2.65980693840484     
   6.75806802719777        2.65758578427884     
   6.75532523807691        2.65779919670146     
   6.75447880522844        2.65747706007929     
   6.75611486305330        2.65643390679592     
   6.75622117174636        2.65735187946648     
   6.76108480035681        2.65668662130659     
   6.75586731301111        2.65838473609605     
   6.75568288812481        2.65414888225054     
   6.75683868575319        2.65448428824303     
   6.75013212983431        2.65388207554209     
   6.75562380158472        2.65671358076636     
   6.75689756066639        2.65608271653741     
   6.75959242471525        2.65475822688337     
   6.75852362646139        2.65467229730210     
   6.75801972300372        2.65552640538574     
   6.76025549042759        2.65383739887267     
   6.76163459070506        2.65309194444005     
   6.76066703875102        2.65341135962510     
   6.75359003486398        2.65400329004379     
   6.75875060813572        2.65257309619014     
   6.75800452485912        2.65716553808451     
   6.75960169516268        2.65611526010885     
   6.76012265202154        2.65487983853975     
   6.75958316629638        2.65351939468889     
   6.75763162257400        2.65487509326734     
   6.76114942053396        2.65660455202933     
   6.75998561192918        2.65467727497217     
   6.75934338699876        2.65529304682042     
   6.75891711504721        2.65564481422632     
   6.76092265255607        2.65613910720626     
   6.75864308237435        2.65431016787170     
   6.75936217497847        2.65611894713528     
   6.75456852446894        2.65321748330968     
   6.75424654747280        2.65442343863570     
   6.75858304016639        2.65439237913046     
   6.76378496927208        2.65703639114069     
   6.75723706767825        2.65626932196670     
   6.75504756739485        2.65725505584667     
   6.75377430474111        2.65788760118385     
   6.75131000349351        2.65619726924846     
   6.75254683740004        2.65632385320238     
   6.75770525365187        2.65721043547447     
   6.75136890437192        2.65646987891508     
   6.74989425974957        2.65488880573161     
   6.75498725298997        2.65825713444328     
   6.75226298223003        2.65678372604385     
   6.74894731420912        2.65939213013952     
   6.75378191276654        2.65932490434314     
   6.75269767170692        2.65827452193808     
   6.74932969132620        2.65785966886953     
   6.75132979915326        2.65840770085329     
   6.75063935388492        2.65842668987770     
   6.75059755632960        2.65808393105176     
   6.74910156209547        2.65955038269284     
   6.74783461861759        2.65806750441987     
   6.74544649742543        2.65858366005339     
   6.74788690504349        2.65907324296135     
   6.75068203860408        2.66052678428948     
   6.74819672804206        2.65970086952936     
   6.74504969780855        2.65906743207558     
   6.75007957034354        2.66004523664324     
   6.74893107174577        2.65882944826094     
   6.74552250096237        2.65777787214077     
   6.74773660059479        2.66014611721471     
   6.74345208440614        2.65833112255138     
   6.74710065956383        2.66071317096063     
   6.74759144153849        2.66157676064437     
   6.74394193848898        2.65929675699612     
   6.74793286679071        2.66294734601415     
   6.74439436974139        2.66105745530209     
   6.74527553510971        2.66098632188842     
   6.74685379219589        2.66018763210259     
   6.74507906327810        2.66127889304909     
   6.75045263840750        2.66238431484967     
   6.75074537876864        2.66201425399311     
   6.74738184722012        2.66061845187613     
   6.74720424231038        2.65886867517173     
   6.74866973448167        2.66008571401503     
   6.74770421655308        2.65774509015234     
   6.74728080238197        2.65752683530902     
   6.74833251757718        2.65883056931711     
   6.75313970900502        2.65795543667025     
   6.75345439976559        2.65594795013763     
   6.75259764526553        2.65665120858210     
   6.75310599948954        2.65769209292443     
   6.75412570443949        2.65547439495491     
   6.75613186294999        2.65412434918216     
   6.75182620710725        2.65438133616506     
   6.75861501245664        2.65562444203455     
   6.75745610153567        2.65407865674228     
   6.75971771426618        2.65524287625820     
   6.76084034091869        2.65451575580236     
   6.75830154636074        2.65360110949213     
   6.75712456557492        2.65331296708084     
   6.75991764692780        2.65369355409582     
   6.76060081493875        2.65370292945284     
   6.75643064151624        2.65492929434896     
   6.75941989092483        2.65340995426813     
   6.76376081208662        2.65364964300933     
   6.76328100373521        2.65305062239190     
   6.76207398343296        2.65105070633668     
   6.76039361714891        2.65421407626861     
   6.76416873923580        2.65501166180894     
   6.76073780013068        2.65465948706160     
   6.76317876590547        2.65301328199471     
   6.76739671877159        2.65428152939030     
   6.76195118527530        2.65317419365802     
   6.75804398597140        2.65275047365996     
   6.75987906682786        2.65391699069374     
   6.75888513698745        2.65305676009765     
   6.76089506088742        2.65204696091571     
   6.75907347915989        2.65292423610510     
   6.76332864515663        2.65324567468385     
   6.76292997712314        2.65444846833728     
   6.76868263013776        2.65273479078021     
   6.76206207595787        2.65574817801132     
   6.76423341109643        2.65440410626969     
   6.75974929813502        2.65401963247450     
   6.75675345369468        2.65480081596972     
   6.76385826167115        2.65518636089625     
   6.76020568918344        2.65353393146592     
   6.75659533582516        2.65539585306211     
   6.75891820542735        2.65804076184671     
   6.76124622451134        2.65473924922744     
   6.75608905358439        2.65810447792574     
   6.75941670386493        2.65940186119539     
   6.75688650228147        2.65757077900085     
   6.75297739530265        2.65753975303368     
   6.74512719577044        2.65765566673392     
   6.74958712728865        2.66181365126895     
   6.75308833275674        2.66012259830814     
   6.74866411272914        2.66150697392345     
   6.74928367471611        2.66186388178181     
   6.74737042489603        2.66249386837911     
   6.74623624366862        2.66176868911257     
   6.74321353618592        2.66149833353161     
   6.74502129421884        2.66362542010583     
   6.74565504547869        2.66428813038768     
   6.74186304114713        2.66206320273448     
   6.74337435735914        2.66104015352515     
   6.74015711291182        2.66483877916466     
   6.74433993087138        2.66332561553533     
   6.74246636136351        2.66151034444950     
   6.74433547175340        2.66211861494733     
   6.74447387650143        2.66102996258567     
   6.74811002106563        2.66192742433570     
   6.75005792538501        2.66031666970217     
   6.74998398004587        2.65929279211434     
   6.75239708800360        2.66084407497268     
   6.75459675447173        2.65907643356974     
   6.75283217571294        2.65546990320085     
   6.75458114004345        2.65612192162926     
   6.75451141636223        2.65493052501792     
   6.75405357727580        2.65693233621852     
   6.75930756035569        2.65543491860192     
   6.75915619058572        2.65390624180182     
   6.75448893507259        2.65838753417249     
   6.75577202904700        2.65488956229515     
   6.76092521170398        2.65234537690883     
   6.75914009505396        2.65485609446618     
   6.75928124531017        2.65337191739445     
   6.75631677932137        2.65220491332746     
   6.75831301288526        2.65345152639827     
   6.75581565475561        2.65136231720306     
   6.75769444940230        2.65516220744281     
   6.76165320339668        2.65496520656985     
   6.76011816818770        2.65554217020723     
   6.75855638689487        2.65440825049763     
   6.75854379499261        2.65437326741934     
   6.75957591594935        2.65557630594502     
   6.76060442777669        2.65457648667166     
   6.76345275208101        2.65569604187094     
   6.75819436794039        2.65568308941550     
   6.76172776115236        2.65762738149341     
   6.75854254891234        2.65531475712121     
   6.75160325187953        2.65423636590273     
   6.75184354654191        2.65539709484200     
   6.75449627146077        2.65396841511999     
   6.75388486678522        2.65775280064346     
   6.75480934690969        2.65855156343305     
   6.75254970464373        2.65779665252846     
   6.75184096847337        2.65613438832759     
   6.74994170763909        2.65950630066826     
   6.75039540796613        2.65994214248248     
   6.74978188177089        2.66026246821387     
   6.75031967363572        2.66198945978346     
   6.74177234734154        2.66118298380288     
