 (0.149966954090518,-0.669373744027206)
 (-0.676818703529726,-0.151634927939034)
 (-4.712096525401521E-002,0.210323248381894)
 (4.223863412470798E-002,9.463172646294551E-003)
 (1.408361255246827E-003,-6.286185193832079E-003)
 (-7.440377791796612E-004,-1.666947358896081E-004)
 (-1.638700619919359E-005,7.314299179662226E-005)
 (6.150400498526609E-006,1.377939958989438E-006)
 (1.012444351897179E-007,-4.519019991197637E-007)
 (-2.948595720364544E-008,-6.606053981617066E-009)
 (-3.876614029785230E-010,1.730317306103402E-009)
 (9.226069908052636E-011,2.066996573901747E-011)
 (1.010053152228352E-012,-4.507578338364127E-012)
 (-2.030875467795568E-013,-4.534567166203374E-014)
 (-1.748601263784622E-015,8.576472865229334E-015)
 (4.163336342344337E-016,0.000000000000000E+000)
