1619	8.654270598469	0.085616438356
# Coulomb Matrix Elements in units of eV
# Model screening with epsilon = 11.680000  alpha = 1.563000  num_electron = 8.000000; Energy threshold for 3- and 4-center integrals = 0.001000eV
#c1	c2	v1	v2	RD (dummy for LFE)	Rc (S1 for LFE)	Rv (S2 for LFE)	Real(W)		Imag(W)
1	1	1	1	-2	-1	1	0	0	0	0	0	0	1.825595707655	0.000000000000
1	1	1	1	-2	-1	2	0	0	0	0	0	0	1.826685840431	0.000000000000
1	1	1	1	-2	0	0	0	0	0	0	0	0	1.910785708244	0.000000000000
1	1	1	1	-2	0	1	0	0	0	0	0	0	2.189749631663	0.000000000000
1	1	1	1	-2	0	2	0	0	0	0	0	0	1.913503969656	0.000000000000
1	1	1	1	-2	1	0	0	0	0	0	0	0	1.983746125355	0.000000000000
1	1	1	1	-2	1	1	0	0	0	0	0	0	1.985993622442	0.000000000000
1	1	1	1	-1	-2	1	0	0	0	0	0	0	1.959234060536	0.000000000000
1	1	1	1	-1	-2	2	0	0	0	0	0	0	1.959828661174	0.000000000000
1	1	1	1	-1	-1	0	0	0	0	0	0	0	2.504472004541	0.000000000000
1	1	1	1	-1	-1	1	0	0	0	0	0	0	3.230613710231	0.000000000000
1	1	1	1	-1	-1	2	0	0	0	0	0	0	2.505781066439	0.000000000000
1	1	1	1	-1	0	-1	0	0	0	0	0	0	2.245152689042	0.000000000000
1	1	1	1	-1	0	0	0	0	0	0	0	0	3.860083597147	0.000000000000
1	1	1	1	-1	0	1	0	0	0	0	0	0	3.868041084215	0.000000000000
1	1	1	1	-1	0	2	0	0	0	0	0	0	2.253436524210	0.000000000000
1	1	1	1	-1	1	-1	0	0	0	0	0	0	2.300735784507	0.000000000000
1	1	1	1	-1	1	0	0	0	0	0	0	0	2.878352395680	0.000000000000
1	1	1	1	-1	1	1	0	0	0	0	0	0	2.306745657806	0.000000000000
1	1	1	1	-1	2	-1	0	0	0	0	0	0	1.773424112173	0.000000000000
1	1	1	1	-1	2	0	0	0	0	0	0	0	1.774929073823	0.000000000000
1	1	1	1	0	-3	1	0	0	0	0	0	0	1.656975044728	0.000000000000
1	1	1	1	0	-3	2	0	0	0	0	0	0	1.658052971647	0.000000000000
1	1	1	1	0	-2	0	0	0	0	0	0	0	2.298299179625	0.000000000000
1	1	1	1	0	-2	1	0	0	0	0	0	0	2.825256124864	0.000000000000
1	1	1	1	0	-2	2	0	0	0	0	0	0	2.301636816900	0.000000000000
1	1	1	1	0	-1	-1	0	0	0	0	0	0	2.619413572854	0.000000000000
1	1	1	1	0	-1	0	0	0	0	0	0	0	7.490946179947	0.000000000000
1	1	1	1	0	-1	1	0	0	0	0	0	0	7.504226517179	0.000000000000
1	1	1	1	0	-1	2	0	0	0	0	0	0	2.635135957293	0.000000000000
1	1	1	1	0	0	-2	0	0	0	0	0	0	1.926664636001	0.000000000000
1	1	1	1	0	0	-1	0	0	0	0	0	0	4.467238307793	0.000000000000
1	1	1	1	0	0	0	0	0	0	0	0	0	11.130931711463	0.000000000000
1	1	1	1	0	0	1	0	0	0	0	0	0	4.545206576110	0.000000000000
1	1	1	1	0	0	2	0	0	0	0	0	0	1.934857648876	0.000000000000
1	1	1	1	0	1	-2	0	0	0	0	0	0	1.944000505343	0.000000000000
1	1	1	1	0	1	-1	0	0	0	0	0	0	2.748760248780	0.000000000000
1	1	1	1	0	1	0	0	0	0	0	0	0	2.753699659918	0.000000000000
1	1	1	1	0	1	1	0	0	0	0	0	0	1.949336080283	0.000000000000
1	1	1	1	0	2	-1	0	0	0	0	0	0	1.731260241497	0.000000000000
1	1	1	1	1	-3	1	0	0	0	0	0	0	1.797112352921	0.000000000000
1	1	1	1	1	-2	-1	0	0	0	0	0	0	1.904599103638	0.000000000000
1	1	1	1	1	-2	0	0	0	0	0	0	0	2.653634004007	0.000000000000
1	1	1	1	1	-2	1	0	0	0	0	0	0	2.659316738428	0.000000000000
1	1	1	1	1	-2	2	0	0	0	0	0	0	1.909641275262	0.000000000000
1	1	1	1	1	-1	-2	0	0	0	0	0	0	1.780559092876	0.000000000000
1	1	1	1	1	-1	-1	0	0	0	0	0	0	3.005559582370	0.000000000000
1	1	1	1	1	-1	0	0	0	0	0	0	0	4.716745345722	0.000000000000
1	1	1	1	1	-1	1	0	0	0	0	0	0	3.017784631337	0.000000000000
1	1	1	1	1	-1	2	0	0	0	0	0	0	1.786844850409	0.000000000000
1	1	1	1	1	0	-2	0	0	0	0	0	0	2.077817535546	0.000000000000
1	1	1	1	1	0	-1	0	0	0	0	0	0	3.135424330890	0.000000000000
1	1	1	1	1	0	0	0	0	0	0	0	0	3.137646541454	0.000000000000
1	1	1	1	1	0	1	0	0	0	0	0	0	2.083750833043	0.000000000000
1	1	1	1	1	1	-2	0	0	0	0	0	0	1.840317394398	0.000000000000
1	1	1	1	1	1	-1	0	0	0	0	0	0	2.084601705097	0.000000000000
1	1	1	1	1	1	0	0	0	0	0	0	0	1.843595404101	0.000000000000
1	1	1	1	2	-2	-1	0	0	0	0	0	0	1.820017727533	0.000000000000
1	1	1	1	2	-2	0	0	0	0	0	0	0	2.069528623100	0.000000000000
1	1	1	1	2	-2	1	0	0	0	0	0	0	1.823185201753	0.000000000000
1	1	1	1	2	-1	-2	0	0	0	0	0	0	1.695929823365	0.000000000000
1	1	1	1	2	-1	-1	0	0	0	0	0	0	2.149437293471	0.000000000000
1	1	1	1	2	-1	0	0	0	0	0	0	0	2.152266117778	0.000000000000
1	1	1	1	2	-1	1	0	0	0	0	0	0	1.699760940465	0.000000000000
1	1	1	1	2	0	-2	0	0	0	0	0	0	1.727584157434	0.000000000000
1	1	1	1	2	0	-1	0	0	0	0	0	0	1.926434896951	0.000000000000
1	1	1	1	2	0	0	0	0	0	0	0	0	1.730570481765	0.000000000000
1	1	2	2	-2	-1	2	0	0	0	0	0	0	1.658423929879	0.000000000000
1	1	2	2	-2	0	0	0	0	0	0	0	0	1.750454724935	0.000000000000
1	1	2	2	-2	0	1	0	0	0	0	0	0	2.073529902355	0.000000000000
1	1	2	2	-2	0	2	0	0	0	0	0	0	1.930175683052	0.000000000000
1	1	2	2	-2	1	0	0	0	0	0	0	0	2.014771588093	0.000000000000
1	1	2	2	-2	1	1	0	0	0	0	0	0	2.151027590747	0.000000000000
1	1	2	2	-2	1	2	0	0	0	0	0	0	1.786452852150	0.000000000000
1	1	2	2	-2	2	0	0	0	0	0	0	0	1.814312635064	0.000000000000
1	1	2	2	-2	2	1	0	0	0	0	0	0	1.725798051362	0.000000000000
1	1	2	2	-1	-2	2	0	0	0	0	0	0	1.658438220975	0.000000000000
1	1	2	2	-1	-1	0	0	0	0	0	0	0	1.984685069696	0.000000000000
1	1	2	2	-1	-1	1	0	0	0	0	0	0	2.500128672408	0.000000000000
1	1	2	2	-1	-1	2	0	0	0	0	0	0	2.262814675278	0.000000000000
1	1	2	2	-1	0	-1	0	0	0	0	0	0	1.993928617754	0.000000000000
1	1	2	2	-1	0	0	0	0	0	0	0	0	3.436367154507	0.000000000000
1	1	2	2	-1	0	1	0	0	0	0	0	0	4.067600216626	0.000000000000
1	1	2	2	-1	0	2	0	0	0	0	0	0	2.525481463913	0.000000000000
1	1	2	2	-1	1	-1	0	0	0	0	0	0	2.382561649263	0.000000000000
1	1	2	2	-1	1	0	0	0	0	0	0	0	3.516679433810	0.000000000000
1	1	2	2	-1	1	1	0	0	0	0	0	0	2.975552839276	0.000000000000
1	1	2	2	-1	1	2	0	0	0	0	0	0	1.910669640533	0.000000000000
1	1	2	2	-1	2	-1	0	0	0	0	0	0	2.028109517874	0.000000000000
1	1	2	2	-1	2	0	0	0	0	0	0	0	2.184727804433	0.000000000000
1	1	2	2	-1	2	1	0	0	0	0	0	0	1.814388984360	0.000000000000
1	1	2	2	0	-2	0	0	0	0	0	0	0	1.750488621236	0.000000000000
1	1	2	2	0	-2	1	0	0	0	0	0	0	2.073593082166	0.000000000000
1	1	2	2	0	-2	2	0	0	0	0	0	0	1.930215303906	0.000000000000
1	1	2	2	0	-1	-1	0	0	0	0	0	0	1.993951743472	0.000000000000
1	1	2	2	0	-1	0	0	0	0	0	0	0	3.436546326402	0.000000000000
1	1	2	2	0	-1	1	0	0	0	0	0	0	4.067961874740	0.000000000000
1	1	2	2	0	-1	2	0	0	0	0	0	0	2.525488747384	0.000000000000
1	1	2	2	0	0	-1	0	0	0	0	0	0	4.251123609921	0.000000000000
1	1	2	2	0	0	0	0	0	0	0	0	0	20.153311949115	0.000000000000
1	1	2	2	0	0	1	0	0	0	0	0	0	10.459488219093	0.000000000000
1	1	2	2	0	0	2	0	0	0	0	0	0	2.436333697070	0.000000000000
1	1	2	2	0	1	-2	0	0	0	0	0	0	1.995676628262	0.000000000000
1	1	2	2	0	1	-1	0	0	0	0	0	0	3.435715824990	0.000000000000
1	1	2	2	0	1	0	0	0	0	0	0	0	4.435549185233	0.000000000000
1	1	2	2	0	1	1	0	0	0	0	0	0	2.677309453052	0.000000000000
1	1	2	2	0	2	-2	0	0	0	0	0	0	1.758684311253	0.000000000000
1	1	2	2	0	2	-1	0	0	0	0	0	0	2.112430213891	0.000000000000
1	1	2	2	0	2	0	0	0	0	0	0	0	2.001608616902	0.000000000000
1	1	2	2	1	-2	0	0	0	0	0	0	0	2.014849645519	0.000000000000
1	1	2	2	1	-2	1	0	0	0	0	0	0	2.151116925428	0.000000000000
1	1	2	2	1	-2	2	0	0	0	0	0	0	1.786486972942	0.000000000000
1	1	2	2	1	-1	-1	0	0	0	0	0	0	2.382643138656	0.000000000000
1	1	2	2	1	-1	0	0	0	0	0	0	0	3.517037099732	0.000000000000
1	1	2	2	1	-1	1	0	0	0	0	0	0	2.975632361492	0.000000000000
1	1	2	2	1	-1	2	0	0	0	0	0	0	1.910682726737	0.000000000000
1	1	2	2	1	0	-2	0	0	0	0	0	0	1.995700453529	0.000000000000
1	1	2	2	1	0	-1	0	0	0	0	0	0	3.435907020633	0.000000000000
1	1	2	2	1	0	0	0	0	0	0	0	0	4.435391501746	0.000000000000
1	1	2	2	1	0	1	0	0	0	0	0	0	2.677297094492	0.000000000000
1	1	2	2	1	1	-2	0	0	0	0	0	0	2.006473772384	0.000000000000
1	1	2	2	1	1	-1	0	0	0	0	0	0	2.576761887756	0.000000000000
1	1	2	2	1	1	0	0	0	0	0	0	0	2.372006874187	0.000000000000
1	1	2	2	1	1	1	0	0	0	0	0	0	1.717864731052	0.000000000000
1	1	2	2	1	2	-1	0	0	0	0	0	0	1.703037227486	0.000000000000
1	1	2	2	2	-2	0	0	0	0	0	0	0	1.814376252246	0.000000000000
1	1	2	2	2	-2	1	0	0	0	0	0	0	1.725842926187	0.000000000000
1	1	2	2	2	-1	-1	0	0	0	0	0	0	2.028175062429	0.000000000000
1	1	2	2	2	-1	0	0	0	0	0	0	0	2.184794426005	0.000000000000
1	1	2	2	2	-1	1	0	0	0	0	0	0	1.814413513117	0.000000000000
1	1	2	2	2	0	-2	0	0	0	0	0	0	1.758712387829	0.000000000000
1	1	2	2	2	0	-1	0	0	0	0	0	0	2.112470535558	0.000000000000
1	1	2	2	2	0	0	0	0	0	0	0	0	2.001625852537	0.000000000000
1	1	2	2	2	1	-1	0	0	0	0	0	0	1.703044562852	0.000000000000
1	1	3	3	-3	0	1	0	0	0	0	0	0	1.656939353552	0.000000000000
1	1	3	3	-3	0	2	0	0	0	0	0	0	1.658020209291	0.000000000000
1	1	3	3	-3	1	1	0	0	0	0	0	0	1.797051202768	0.000000000000
1	1	3	3	-2	-1	1	0	0	0	0	0	0	1.959222902392	0.000000000000
1	1	3	3	-2	-1	2	0	0	0	0	0	0	1.959818667699	0.000000000000
1	1	3	3	-2	0	0	0	0	0	0	0	0	2.298239600179	0.000000000000
1	1	3	3	-2	0	1	0	0	0	0	0	0	2.825113250984	0.000000000000
1	1	3	3	-2	0	2	0	0	0	0	0	0	2.301594576200	0.000000000000
1	1	3	3	-2	1	-1	0	0	0	0	0	0	1.904549335546	0.000000000000
1	1	3	3	-2	1	0	0	0	0	0	0	0	2.653472555585	0.000000000000
1	1	3	3	-2	1	1	0	0	0	0	0	0	2.659190107870	0.000000000000
1	1	3	3	-2	1	2	0	0	0	0	0	0	1.909618341515	0.000000000000
1	1	3	3	-2	2	-1	0	0	0	0	0	0	1.819960819152	0.000000000000
1	1	3	3	-2	2	0	0	0	0	0	0	0	2.069453167847	0.000000000000
1	1	3	3	-2	2	1	0	0	0	0	0	0	1.823149762618	0.000000000000
1	1	3	3	-1	-2	1	0	0	0	0	0	0	1.825626926322	0.000000000000
1	1	3	3	-1	-2	2	0	0	0	0	0	0	1.826713832543	0.000000000000
1	1	3	3	-1	-1	0	0	0	0	0	0	0	2.504503798666	0.000000000000
1	1	3	3	-1	-1	1	0	0	0	0	0	0	3.230717182471	0.000000000000
1	1	3	3	-1	-1	2	0	0	0	0	0	0	2.505797070266	0.000000000000
1	1	3	3	-1	0	-1	0	0	0	0	0	0	2.619395204210	0.000000000000
1	1	3	3	-1	0	0	0	0	0	0	0	0	7.490334822108	0.000000000000
1	1	3	3	-1	0	1	0	0	0	0	0	0	7.504170042726	0.000000000000
1	1	3	3	-1	0	2	0	0	0	0	0	0	2.635144241712	0.000000000000
1	1	3	3	-1	1	-2	0	0	0	0	0	0	1.780536532202	0.000000000000
1	1	3	3	-1	1	-1	0	0	0	0	0	0	3.005426283512	0.000000000000
1	1	3	3	-1	1	0	0	0	0	0	0	0	4.716299747094	0.000000000000
1	1	3	3	-1	1	1	0	0	0	0	0	0	3.017803697124	0.000000000000
1	1	3	3	-1	1	2	0	0	0	0	0	0	1.786838467595	0.000000000000
1	1	3	3	-1	2	-2	0	0	0	0	0	0	1.695897592357	0.000000000000
1	1	3	3	-1	2	-1	0	0	0	0	0	0	2.149378525574	0.000000000000
1	1	3	3	-1	2	0	0	0	0	0	0	0	2.152230698754	0.000000000000
1	1	3	3	-1	2	1	0	0	0	0	0	0	1.699746851477	0.000000000000
1	1	3	3	0	-2	0	0	0	0	0	0	0	1.910840763671	0.000000000000
1	1	3	3	0	-2	1	0	0	0	0	0	0	2.189836319611	0.000000000000
1	1	3	3	0	-2	2	0	0	0	0	0	0	1.913544560905	0.000000000000
1	1	3	3	0	-1	-1	0	0	0	0	0	0	2.245199517320	0.000000000000
1	1	3	3	0	-1	0	0	0	0	0	0	0	3.860463420091	0.000000000000
1	1	3	3	0	-1	1	0	0	0	0	0	0	3.868231542279	0.000000000000
1	1	3	3	0	-1	2	0	0	0	0	0	0	2.253443513437	0.000000000000
1	1	3	3	0	0	-2	0	0	0	0	0	0	1.926672886838	0.000000000000
1	1	3	3	0	0	-1	0	0	0	0	0	0	4.467353379310	0.000000000000
1	1	3	3	0	0	0	0	0	0	0	0	0	11.131863017381	0.000000000000
1	1	3	3	0	0	1	0	0	0	0	0	0	4.545039336028	0.000000000000
1	1	3	3	0	0	2	0	0	0	0	0	0	1.934858880378	0.000000000000
1	1	3	3	0	1	-2	0	0	0	0	0	0	2.077802435362	0.000000000000
1	1	3	3	0	1	-1	0	0	0	0	0	0	3.135352339688	0.000000000000
1	1	3	3	0	1	0	0	0	0	0	0	0	3.137661934112	0.000000000000
1	1	3	3	0	1	1	0	0	0	0	0	0	2.083747966757	0.000000000000
1	1	3	3	0	2	-2	0	0	0	0	0	0	1.727564524098	0.000000000000
1	1	3	3	0	2	-1	0	0	0	0	0	0	1.926416214840	0.000000000000
1	1	3	3	0	2	0	0	0	0	0	0	0	1.730561650279	0.000000000000
1	1	3	3	1	-2	0	0	0	0	0	0	0	1.983827558940	0.000000000000
1	1	3	3	1	-2	1	0	0	0	0	0	0	1.986064200561	0.000000000000
1	1	3	3	1	-1	-1	0	0	0	0	0	0	2.300823504344	0.000000000000
1	1	3	3	1	-1	0	0	0	0	0	0	0	2.878534333483	0.000000000000
1	1	3	3	1	-1	1	0	0	0	0	0	0	2.306777694701	0.000000000000
1	1	3	3	1	0	-2	0	0	0	0	0	0	1.944031385447	0.000000000000
1	1	3	3	1	0	-1	0	0	0	0	0	0	2.748845905544	0.000000000000
1	1	3	3	1	0	0	0	0	0	0	0	0	2.753706083814	0.000000000000
1	1	3	3	1	0	1	0	0	0	0	0	0	1.949343984602	0.000000000000
1	1	3	3	1	1	-2	0	0	0	0	0	0	1.840324015365	0.000000000000
1	1	3	3	1	1	-1	0	0	0	0	0	0	2.084608140220	0.000000000000
1	1	3	3	1	1	0	0	0	0	0	0	0	1.843598502858	0.000000000000
1	1	3	3	2	-1	-1	0	0	0	0	0	0	1.773469973833	0.000000000000
1	1	3	3	2	-1	0	0	0	0	0	0	0	1.774964970376	0.000000000000
1	1	3	3	2	0	-1	0	0	0	0	0	0	1.731283092671	0.000000000000
1	1	4	4	-2	-1	1	0	0	0	0	0	0	1.658137172562	0.000000000000
1	1	4	4	-2	0	0	0	0	0	0	0	0	1.927738866860	0.000000000000
1	1	4	4	-2	0	1	0	0	0	0	0	0	2.075769890767	0.000000000000
1	1	4	4	-2	0	2	0	0	0	0	0	0	1.752966439399	0.000000000000
1	1	4	4	-2	1	-1	0	0	0	0	0	0	1.783303587324	0.000000000000
1	1	4	4	-2	1	0	0	0	0	0	0	0	2.149858758387	0.000000000000
1	1	4	4	-2	1	1	0	0	0	0	0	0	2.017502509246	0.000000000000
1	1	4	4	-2	2	-1	0	0	0	0	0	0	1.723763339756	0.000000000000
1	1	4	4	-2	2	0	0	0	0	0	0	0	1.815277965095	0.000000000000
1	1	4	4	-1	-2	1	0	0	0	0	0	0	1.658152098126	0.000000000000
1	1	4	4	-1	-1	0	0	0	0	0	0	0	2.262118330295	0.000000000000
1	1	4	4	-1	-1	1	0	0	0	0	0	0	2.498591836797	0.000000000000
1	1	4	4	-1	-1	2	0	0	0	0	0	0	1.986817143547	0.000000000000
1	1	4	4	-1	0	-1	0	0	0	0	0	0	2.520221147764	0.000000000000
1	1	4	4	-1	0	0	0	0	0	0	0	0	4.067918435314	0.000000000000
1	1	4	4	-1	0	1	0	0	0	0	0	0	3.434579013318	0.000000000000
1	1	4	4	-1	0	2	0	0	0	0	0	0	2.000098997514	0.000000000000
1	1	4	4	-1	1	-2	0	0	0	0	0	0	1.904560990232	0.000000000000
1	1	4	4	-1	1	-1	0	0	0	0	0	0	2.967027575383	0.000000000000
1	1	4	4	-1	1	0	0	0	0	0	0	0	3.526319159129	0.000000000000
1	1	4	4	-1	1	1	0	0	0	0	0	0	2.390569916252	0.000000000000
1	1	4	4	-1	2	-2	0	0	0	0	0	0	1.810619088557	0.000000000000
1	1	4	4	-1	2	-1	0	0	0	0	0	0	2.183682767571	0.000000000000
1	1	4	4	-1	2	0	0	0	0	0	0	0	2.030997120320	0.000000000000
1	1	4	4	0	-2	0	0	0	0	0	0	0	1.927787168854	0.000000000000
1	1	4	4	0	-2	1	0	0	0	0	0	0	2.075829581461	0.000000000000
1	1	4	4	0	-2	2	0	0	0	0	0	0	1.752988823035	0.000000000000
1	1	4	4	0	-1	-1	0	0	0	0	0	0	2.520272706542	0.000000000000
1	1	4	4	0	-1	0	0	0	0	0	0	0	4.068327580646	0.000000000000
1	1	4	4	0	-1	1	0	0	0	0	0	0	3.434647192255	0.000000000000
1	1	4	4	0	-1	2	0	0	0	0	0	0	2.000103640933	0.000000000000
1	1	4	4	0	0	-2	0	0	0	0	0	0	2.423122630917	0.000000000000
1	1	4	4	0	0	-1	0	0	0	0	0	0	10.195072662864	0.000000000000
1	1	4	4	0	0	0	0	0	0	0	0	0	20.323615236673	0.000000000000
1	1	4	4	0	0	1	0	0	0	0	0	0	4.318284532209	0.000000000000
1	1	4	4	0	0	2	0	0	0	0	0	0	1.825301400226	0.000000000000
1	1	4	4	0	1	-2	0	0	0	0	0	0	2.666809074892	0.000000000000
1	1	4	4	0	1	-1	0	0	0	0	0	0	4.444266720014	0.000000000000
1	1	4	4	0	1	0	0	0	0	0	0	0	3.447916565037	0.000000000000
1	1	4	4	0	1	1	0	0	0	0	0	0	2.003495262869	0.000000000000
1	1	4	4	0	2	-2	0	0	0	0	0	0	1.997919590625	0.000000000000
1	1	4	4	0	2	-1	0	0	0	0	0	0	2.114329189105	0.000000000000
1	1	4	4	0	2	0	0	0	0	0	0	0	1.762644546945	0.000000000000
1	1	4	4	1	-2	-1	0	0	0	0	0	0	1.783354473469	0.000000000000
1	1	4	4	1	-2	0	0	0	0	0	0	0	2.149954807988	0.000000000000
1	1	4	4	1	-2	1	0	0	0	0	0	0	2.017564822345	0.000000000000
1	1	4	4	1	-1	-2	0	0	0	0	0	0	1.904600638888	0.000000000000
1	1	4	4	1	-1	-1	0	0	0	0	0	0	2.967208931849	0.000000000000
1	1	4	4	1	-1	0	0	0	0	0	0	0	3.526661903645	0.000000000000
1	1	4	4	1	-1	1	0	0	0	0	0	0	2.390590454059	0.000000000000
1	1	4	4	1	0	-2	0	0	0	0	0	0	2.666881470698	0.000000000000
1	1	4	4	1	0	-1	0	0	0	0	0	0	4.444328467372	0.000000000000
1	1	4	4	1	0	0	0	0	0	0	0	0	3.447861246649	0.000000000000
1	1	4	4	1	0	1	0	0	0	0	0	0	2.003498507256	0.000000000000
1	1	4	4	1	1	-3	0	0	0	0	0	0	1.713461908296	0.000000000000
1	1	4	4	1	1	-2	0	0	0	0	0	0	2.368985127098	0.000000000000
1	1	4	4	1	1	-1	0	0	0	0	0	0	2.576529258584	0.000000000000
1	1	4	4	1	1	0	0	0	0	0	0	0	2.010973632589	0.000000000000
1	1	4	4	1	2	-2	0	0	0	0	0	0	1.702423379300	0.000000000000
1	1	4	4	2	-2	-1	0	0	0	0	0	0	1.723819676264	0.000000000000
1	1	4	4	2	-2	0	0	0	0	0	0	0	1.815337562293	0.000000000000
1	1	4	4	2	-1	-2	0	0	0	0	0	0	1.810667815174	0.000000000000
1	1	4	4	2	-1	-1	0	0	0	0	0	0	2.183759377622	0.000000000000
1	1	4	4	2	-1	0	0	0	0	0	0	0	2.031037241814	0.000000000000
1	1	4	4	2	0	-2	0	0	0	0	0	0	1.997960380867	0.000000000000
1	1	4	4	2	0	-1	0	0	0	0	0	0	2.114354025445	0.000000000000
1	1	4	4	2	0	0	0	0	0	0	0	0	1.762656392221	0.000000000000
1	1	4	4	2	1	-2	0	0	0	0	0	0	1.702432419355	0.000000000000
2	2	1	1	-2	-1	1	0	0	0	0	0	0	1.699698301613	0.000000000000
2	2	1	1	-2	-1	2	0	0	0	0	0	0	1.786793584859	0.000000000000
2	2	1	1	-2	0	0	0	0	0	0	0	0	1.730513098354	0.000000000000
2	2	1	1	-2	0	1	0	0	0	0	0	0	2.083702225593	0.000000000000
2	2	1	1	-2	0	2	0	0	0	0	0	0	1.934817252221	0.000000000000
2	2	1	1	-2	1	0	0	0	0	0	0	0	1.843553956109	0.000000000000
2	2	1	1	-2	1	1	0	0	0	0	0	0	1.949302893701	0.000000000000
2	2	1	1	-1	-2	1	0	0	0	0	0	0	1.823105854716	0.000000000000
2	2	1	1	-1	-2	2	0	0	0	0	0	0	1.909578464016	0.000000000000
2	2	1	1	-1	-1	0	0	0	0	0	0	0	2.152186252778	0.000000000000
2	2	1	1	-1	-1	1	0	0	0	0	0	0	3.017761144983	0.000000000000
2	2	1	1	-1	-1	2	0	0	0	0	0	0	2.635106334311	0.000000000000
2	2	1	1	-1	0	-1	0	0	0	0	0	0	1.926372104811	0.000000000000
2	2	1	1	-1	0	0	0	0	0	0	0	0	3.137619529771	0.000000000000
2	2	1	1	-1	0	1	0	0	0	0	0	0	4.544992047907	0.000000000000
2	2	1	1	-1	0	2	0	0	0	0	0	0	2.253408697856	0.000000000000
2	2	1	1	-1	1	-1	0	0	0	0	0	0	2.084568349450	0.000000000000
2	2	1	1	-1	1	0	0	0	0	0	0	0	2.753669140721	0.000000000000
2	2	1	1	-1	1	1	0	0	0	0	0	0	2.306743929195	0.000000000000
2	2	1	1	-1	2	-1	0	0	0	0	0	0	1.731247292571	0.000000000000
2	2	1	1	-1	2	0	0	0	0	0	0	0	1.774932253762	0.000000000000
2	2	1	1	0	-2	0	0	0	0	0	0	0	2.069413565836	0.000000000000
2	2	1	1	0	-2	1	0	0	0	0	0	0	2.659155528454	0.000000000000
2	2	1	1	0	-2	2	0	0	0	0	0	0	2.301562598441	0.000000000000
2	2	1	1	0	-1	-1	0	0	0	0	0	0	2.149338676878	0.000000000000
2	2	1	1	0	-1	0	0	0	0	0	0	0	4.716267038905	0.000000000000
2	2	1	1	0	-1	1	0	0	0	0	0	0	7.504148684018	0.000000000000
2	2	1	1	0	-1	2	0	0	0	0	0	0	2.505766544396	0.000000000000
2	2	1	1	0	0	-2	0	0	0	0	0	0	1.727524957873	0.000000000000
2	2	1	1	0	0	-1	0	0	0	0	0	0	3.135316390087	0.000000000000
2	2	1	1	0	0	0	0	0	0	0	0	0	11.131845443112	0.000000000000
2	2	1	1	0	0	1	0	0	0	0	0	0	3.868192623255	0.000000000000
2	2	1	1	0	0	2	0	0	0	0	0	0	1.913518777564	0.000000000000
2	2	1	1	0	1	-2	0	0	0	0	0	0	1.840288794143	0.000000000000
2	2	1	1	0	1	-1	0	0	0	0	0	0	2.748815715066	0.000000000000
2	2	1	1	0	1	0	0	0	0	0	0	0	2.878503708999	0.000000000000
2	2	1	1	0	1	1	0	0	0	0	0	0	1.986038480780	0.000000000000
2	2	1	1	0	2	-1	0	0	0	0	0	0	1.773441660522	0.000000000000
2	2	1	1	1	-3	1	0	0	0	0	0	0	1.797020125917	0.000000000000
2	2	1	1	1	-3	2	0	0	0	0	0	0	1.657992236871	0.000000000000
2	2	1	1	1	-2	-1	0	0	0	0	0	0	1.819925264115	0.000000000000
2	2	1	1	1	-2	0	0	0	0	0	0	0	2.653443159992	0.000000000000
2	2	1	1	1	-2	1	0	0	0	0	0	0	2.825089427707	0.000000000000
2	2	1	1	1	-2	2	0	0	0	0	0	0	1.959793821044	0.000000000000
2	2	1	1	1	-1	-2	0	0	0	0	0	0	1.695861891564	0.000000000000
2	2	1	1	1	-1	-1	0	0	0	0	0	0	3.005395067708	0.000000000000
2	2	1	1	1	-1	0	0	0	0	0	0	0	7.490320642584	0.000000000000
2	2	1	1	1	-1	1	0	0	0	0	0	0	3.230689606786	0.000000000000
2	2	1	1	1	-1	2	0	0	0	0	0	0	1.826692195588	0.000000000000
2	2	1	1	1	0	-2	0	0	0	0	0	0	2.077771228099	0.000000000000
2	2	1	1	1	0	-1	0	0	0	0	0	0	4.467339385163	0.000000000000
2	2	1	1	1	0	0	0	0	0	0	0	0	3.860435070750	0.000000000000
2	2	1	1	1	0	1	0	0	0	0	0	0	2.189814150443	0.000000000000
2	2	1	1	1	1	-2	0	0	0	0	0	0	1.944004561268	0.000000000000
2	2	1	1	1	1	-1	0	0	0	0	0	0	2.300800240946	0.000000000000
2	2	1	1	1	1	0	0	0	0	0	0	0	1.983806324555	0.000000000000
2	2	1	1	2	-3	1	0	0	0	0	0	0	1.656915787007	0.000000000000
2	2	1	1	2	-2	-1	0	0	0	0	0	0	1.904522596599	0.000000000000
2	2	1	1	2	-2	0	0	0	0	0	0	0	2.298217861799	0.000000000000
2	2	1	1	2	-2	1	0	0	0	0	0	0	1.959202919899	0.000000000000
2	2	1	1	2	-1	-2	0	0	0	0	0	0	1.780509363529	0.000000000000
2	2	1	1	2	-1	-1	0	0	0	0	0	0	2.619374662300	0.000000000000
2	2	1	1	2	-1	0	0	0	0	0	0	0	2.504484191452	0.000000000000
2	2	1	1	2	-1	1	0	0	0	0	0	0	1.825609887976	0.000000000000
2	2	1	1	2	0	-2	0	0	0	0	0	0	1.926650098790	0.000000000000
2	2	1	1	2	0	-1	0	0	0	0	0	0	2.245180310040	0.000000000000
2	2	1	1	2	0	0	0	0	0	0	0	0	1.910824065273	0.000000000000
2	2	2	2	-2	0	1	0	0	0	0	0	0	1.949289384422	0.000000000000
2	2	2	2	-2	0	2	0	0	0	0	0	0	1.934814821185	0.000000000000
2	2	2	2	-2	1	0	0	0	0	0	0	0	1.843549563151	0.000000000000
2	2	2	2	-2	1	1	0	0	0	0	0	0	2.083708283523	0.000000000000
2	2	2	2	-2	1	2	0	0	0	0	0	0	1.786806110408	0.000000000000
2	2	2	2	-2	2	0	0	0	0	0	0	0	1.730528793312	0.000000000000
2	2	2	2	-2	2	1	0	0	0	0	0	0	1.699722601605	0.000000000000
2	2	2	2	-1	-1	0	0	0	0	0	0	0	1.774883791794	0.000000000000
2	2	2	2	-1	-1	1	0	0	0	0	0	0	2.306703786807	0.000000000000
2	2	2	2	-1	-1	2	0	0	0	0	0	0	2.253398741406	0.000000000000
2	2	2	2	-1	0	-1	0	0	0	0	0	0	1.731214900252	0.000000000000
2	2	2	2	-1	0	0	0	0	0	0	0	0	2.753656526015	0.000000000000
2	2	2	2	-1	0	1	0	0	0	0	0	0	4.545160757387	0.000000000000
2	2	2	2	-1	0	2	0	0	0	0	0	0	2.635098466191	0.000000000000
2	2	2	2	-1	1	-1	0	0	0	0	0	0	2.084560531018	0.000000000000
2	2	2	2	-1	1	0	0	0	0	0	0	0	3.137607655030	0.000000000000
2	2	2	2	-1	1	1	0	0	0	0	0	0	3.017748243304	0.000000000000
2	2	2	2	-1	1	2	0	0	0	0	0	0	1.909610163040	0.000000000000
2	2	2	2	-1	2	-1	0	0	0	0	0	0	1.926397996924	0.000000000000
2	2	2	2	-1	2	0	0	0	0	0	0	0	2.152232056004	0.000000000000
2	2	2	2	-1	2	1	0	0	0	0	0	0	1.823154833969	0.000000000000
2	2	2	2	0	-2	1	0	0	0	0	0	0	1.985957318236	0.000000000000
2	2	2	2	0	-2	2	0	0	0	0	0	0	1.913471068723	0.000000000000
2	2	2	2	0	-1	-1	0	0	0	0	0	0	1.773383049333	0.000000000000
2	2	2	2	0	-1	0	0	0	0	0	0	0	2.878317366758	0.000000000000
2	2	2	2	0	-1	1	0	0	0	0	0	0	3.868014435224	0.000000000000
2	2	2	2	0	-1	2	0	0	0	0	0	0	2.505750995301	0.000000000000
2	2	2	2	0	0	-1	0	0	0	0	0	0	2.748722546745	0.000000000000
2	2	2	2	0	0	0	0	0	0	0	0	0	11.130874478354	0.000000000000
2	2	2	2	0	0	1	0	0	0	0	0	0	7.504176414700	0.000000000000
2	2	2	2	0	0	2	0	0	0	0	0	0	2.301608849478	0.000000000000
2	2	2	2	0	1	-2	0	0	0	0	0	0	1.840280870162	0.000000000000
2	2	2	2	0	1	-1	0	0	0	0	0	0	3.135393387324	0.000000000000
2	2	2	2	0	1	0	0	0	0	0	0	0	4.716711797689	0.000000000000
2	2	2	2	0	1	1	0	0	0	0	0	0	2.659288412482	0.000000000000
2	2	2	2	0	2	-2	0	0	0	0	0	0	1.727551593494	0.000000000000
2	2	2	2	0	2	-1	0	0	0	0	0	0	2.149408283896	0.000000000000
2	2	2	2	0	2	0	0	0	0	0	0	0	2.069502552652	0.000000000000
2	2	2	2	1	-2	0	0	0	0	0	0	0	1.983714212883	0.000000000000
2	2	2	2	1	-2	1	0	0	0	0	0	0	2.189722052927	0.000000000000
2	2	2	2	1	-2	2	0	0	0	0	0	0	1.826660387564	0.000000000000
2	2	2	2	1	-1	-1	0	0	0	0	0	0	2.300703319859	0.000000000000
2	2	2	2	1	-1	0	0	0	0	0	0	0	3.860063279559	0.000000000000
2	2	2	2	1	-1	1	0	0	0	0	0	0	3.230591462807	0.000000000000
2	2	2	2	1	-1	2	0	0	0	0	0	0	1.959806139985	0.000000000000
2	2	2	2	1	0	-2	0	0	0	0	0	0	1.943967709215	0.000000000000
2	2	2	2	1	0	-1	0	0	0	0	0	0	4.467213185708	0.000000000000
2	2	2	2	1	0	0	0	0	0	0	0	0	7.490925277323	0.000000000000
2	2	2	2	1	0	1	0	0	0	0	0	0	2.825230306835	0.000000000000
2	2	2	2	1	0	2	0	0	0	0	0	0	1.658034255556	0.000000000000
2	2	2	2	1	1	-2	0	0	0	0	0	0	2.077789801566	0.000000000000
2	2	2	2	1	1	-1	0	0	0	0	0	0	3.005538301867	0.000000000000
2	2	2	2	1	1	0	0	0	0	0	0	0	2.653611399898	0.000000000000
2	2	2	2	1	1	1	0	0	0	0	0	0	1.797093679471	0.000000000000
2	2	2	2	1	2	-2	0	0	0	0	0	0	1.695904676119	0.000000000000
2	2	2	2	1	2	-1	0	0	0	0	0	0	1.819996097130	0.000000000000
2	2	2	2	2	-2	0	0	0	0	0	0	0	1.910761749214	0.000000000000
2	2	2	2	2	-2	1	0	0	0	0	0	0	1.825574859245	0.000000000000
2	2	2	2	2	-1	-1	0	0	0	0	0	0	2.245129467615	0.000000000000
2	2	2	2	2	-1	0	0	0	0	0	0	0	2.504452741441	0.000000000000
2	2	2	2	2	-1	1	0	0	0	0	0	0	1.959216238257	0.000000000000
2	2	2	2	2	0	-2	0	0	0	0	0	0	1.926640515432	0.000000000000
2	2	2	2	2	0	-1	0	0	0	0	0	0	2.619394729129	0.000000000000
2	2	2	2	2	0	0	0	0	0	0	0	0	2.298281317220	0.000000000000
2	2	2	2	2	0	1	0	0	0	0	0	0	1.656960757115	0.000000000000
2	2	2	2	2	1	-2	0	0	0	0	0	0	1.780538483484	0.000000000000
2	2	2	2	2	1	-1	0	0	0	0	0	0	1.904581763000	0.000000000000
2	2	3	3	-3	1	1	0	0	0	0	0	0	1.717817012825	0.000000000000
2	2	3	3	-2	-1	1	0	0	0	0	0	0	1.814341975717	0.000000000000
2	2	3	3	-2	-1	2	0	0	0	0	0	0	1.910626531489	0.000000000000
2	2	3	3	-2	0	0	0	0	0	0	0	0	2.001561065686	0.000000000000
2	2	3	3	-2	0	1	0	0	0	0	0	0	2.677263109720	0.000000000000
2	2	3	3	-2	0	2	0	0	0	0	0	0	2.436291854024	0.000000000000
2	2	3	3	-2	1	-1	0	0	0	0	0	0	1.702990642773	0.000000000000
2	2	3	3	-2	1	0	0	0	0	0	0	0	2.371963057871	0.000000000000
2	2	3	3	-2	1	1	0	0	0	0	0	0	2.677256429538	0.000000000000
2	2	3	3	-2	1	2	0	0	0	0	0	0	1.910646081758	0.000000000000
2	2	3	3	-2	2	-1	0	0	0	0	0	0	1.703002190834	0.000000000000
2	2	3	3	-2	2	0	0	0	0	0	0	0	2.001586538558	0.000000000000
2	2	3	3	-2	2	1	0	0	0	0	0	0	1.814377568771	0.000000000000
2	2	3	3	-1	-2	1	0	0	0	0	0	0	1.725755804966	0.000000000000
2	2	3	3	-1	-2	2	0	0	0	0	0	0	1.786414553319	0.000000000000
2	2	3	3	-1	-1	0	0	0	0	0	0	0	2.184685297469	0.000000000000
2	2	3	3	-1	-1	1	0	0	0	0	0	0	2.975514135871	0.000000000000
2	2	3	3	-1	-1	2	0	0	0	0	0	0	2.525446111795	0.000000000000
2	2	3	3	-1	0	-1	0	0	0	0	0	0	2.112387185654	0.000000000000
2	2	3	3	-1	0	0	0	0	0	0	0	0	4.435506724922	0.000000000000
2	2	3	3	-1	0	1	0	0	0	0	0	0	10.459429131600	0.000000000000
2	2	3	3	-1	0	2	0	0	0	0	0	0	2.525454622743	0.000000000000
2	2	3	3	-1	1	-1	0	0	0	0	0	0	2.576723493958	0.000000000000
2	2	3	3	-1	1	0	0	0	0	0	0	0	4.435353941945	0.000000000000
2	2	3	3	-1	1	1	0	0	0	0	0	0	2.975598104197	0.000000000000
2	2	3	3	-1	1	2	0	0	0	0	0	0	1.786458747323	0.000000000000
2	2	3	3	-1	2	-1	0	0	0	0	0	0	2.112436339832	0.000000000000
2	2	3	3	-1	2	0	0	0	0	0	0	0	2.184762619561	0.000000000000
2	2	3	3	-1	2	1	0	0	0	0	0	0	1.725815127979	0.000000000000
2	2	3	3	0	-2	0	0	0	0	0	0	0	1.814274450291	0.000000000000
2	2	3	3	0	-2	1	0	0	0	0	0	0	2.150994091502	0.000000000000
2	2	3	3	0	-2	2	0	0	0	0	0	0	1.930145194382	0.000000000000
2	2	3	3	0	-1	-1	0	0	0	0	0	0	2.028071143951	0.000000000000
2	2	3	3	0	-1	0	0	0	0	0	0	0	3.516649219572	0.000000000000
2	2	3	3	0	-1	1	0	0	0	0	0	0	4.067575120611	0.000000000000
2	2	3	3	0	-1	2	0	0	0	0	0	0	2.262786639187	0.000000000000
2	2	3	3	0	0	-2	0	0	0	0	0	0	1.758645854541	0.000000000000
2	2	3	3	0	0	-1	0	0	0	0	0	0	3.435679628920	0.000000000000
2	2	3	3	0	0	0	0	0	0	0	0	0	20.153292642192	0.000000000000
2	2	3	3	0	0	1	0	0	0	0	0	0	4.067926045971	0.000000000000
2	2	3	3	0	0	2	0	0	0	0	0	0	1.930190593718	0.000000000000
2	2	3	3	0	1	-2	0	0	0	0	0	0	2.006439945418	0.000000000000
2	2	3	3	0	1	-1	0	0	0	0	0	0	3.435883159701	0.000000000000
2	2	3	3	0	1	0	0	0	0	0	0	0	3.517007500539	0.000000000000
2	2	3	3	0	1	1	0	0	0	0	0	0	2.151092166702	0.000000000000
2	2	3	3	0	2	-2	0	0	0	0	0	0	1.758682133314	0.000000000000
2	2	3	3	0	2	-1	0	0	0	0	0	0	2.028148271593	0.000000000000
2	2	3	3	0	2	0	0	0	0	0	0	0	1.814352598033	0.000000000000
2	2	3	3	1	-2	0	0	0	0	0	0	0	2.014742173336	0.000000000000
2	2	3	3	1	-2	1	0	0	0	0	0	0	2.073504644836	0.000000000000
2	2	3	3	1	-2	2	0	0	0	0	0	0	1.658400377950	0.000000000000
2	2	3	3	1	-1	-1	0	0	0	0	0	0	2.382532465601	0.000000000000
2	2	3	3	1	-1	0	0	0	0	0	0	0	3.436346877324	0.000000000000
2	2	3	3	1	-1	1	0	0	0	0	0	0	2.500105833929	0.000000000000
2	2	3	3	1	-1	2	0	0	0	0	0	0	1.658418068427	0.000000000000
2	2	3	3	1	0	-2	0	0	0	0	0	0	1.995646435592	0.000000000000
2	2	3	3	1	0	-1	0	0	0	0	0	0	4.251107238752	0.000000000000
2	2	3	3	1	0	0	0	0	0	0	0	0	3.436521821887	0.000000000000
2	2	3	3	1	0	1	0	0	0	0	0	0	2.073572330709	0.000000000000
2	2	3	3	1	1	-2	0	0	0	0	0	0	1.995675331277	0.000000000000
2	2	3	3	1	1	-1	0	0	0	0	0	0	2.382621285460	0.000000000000
2	2	3	3	1	1	0	0	0	0	0	0	0	2.014829922415	0.000000000000
2	2	3	3	2	-2	0	0	0	0	0	0	0	1.750432945139	0.000000000000
2	2	3	3	2	-1	-1	0	0	0	0	0	0	1.993907547297	0.000000000000
2	2	3	3	2	-1	0	0	0	0	0	0	0	1.984666818937	0.000000000000
2	2	3	3	2	0	-2	0	0	0	0	0	0	1.819646524155	0.000000000000
2	2	3	3	2	0	-1	0	0	0	0	0	0	1.993933553335	0.000000000000
2	2	3	3	2	0	0	0	0	0	0	0	0	1.750473413970	0.000000000000
2	2	4	4	-2	0	0	0	0	0	0	0	0	1.762595750279	0.000000000000
2	2	4	4	-2	0	1	0	0	0	0	0	0	2.003449478109	0.000000000000
2	2	4	4	-2	0	2	0	0	0	0	0	0	1.825260045512	0.000000000000
2	2	4	4	-2	1	0	0	0	0	0	0	0	2.010928547496	0.000000000000
2	2	4	4	-2	1	1	0	0	0	0	0	0	2.003457174163	0.000000000000
2	2	4	4	-2	2	0	0	0	0	0	0	0	1.762615614312	0.000000000000
2	2	4	4	-1	-1	0	0	0	0	0	0	0	2.030952924352	0.000000000000
2	2	4	4	-1	-1	1	0	0	0	0	0	0	2.390529409405	0.000000000000
2	2	4	4	-1	-1	2	0	0	0	0	0	0	2.000062383801	0.000000000000
2	2	4	4	-1	0	-1	0	0	0	0	0	0	2.114284591000	0.000000000000
2	2	4	4	-1	0	0	0	0	0	0	0	0	3.447871161502	0.000000000000
2	2	4	4	-1	0	1	0	0	0	0	0	0	4.318238462734	0.000000000000
2	2	4	4	-1	0	2	0	0	0	0	0	0	2.000069324686	0.000000000000
2	2	4	4	-1	1	-2	0	0	0	0	0	0	1.702379805983	0.000000000000
2	2	4	4	-1	1	-1	0	0	0	0	0	0	2.576488638976	0.000000000000
2	2	4	4	-1	1	0	0	0	0	0	0	0	3.447823558160	0.000000000000
2	2	4	4	-1	1	1	0	0	0	0	0	0	2.390555812980	0.000000000000
2	2	4	4	-1	2	-2	0	0	0	0	0	0	1.702393090830	0.000000000000
2	2	4	4	-1	2	-1	0	0	0	0	0	0	2.114317887861	0.000000000000
2	2	4	4	-1	2	0	0	0	0	0	0	0	2.031004109726	0.000000000000
2	2	4	4	0	-2	0	0	0	0	0	0	0	1.815238476279	0.000000000000
2	2	4	4	0	-2	1	0	0	0	0	0	0	2.017467236600	0.000000000000
2	2	4	4	0	-2	2	0	0	0	0	0	0	1.752934376125	0.000000000000
2	2	4	4	0	-1	-1	0	0	0	0	0	0	2.183643245686	0.000000000000
2	2	4	4	0	-1	0	0	0	0	0	0	0	3.526286160649	0.000000000000
2	2	4	4	0	-1	1	0	0	0	0	0	0	3.434548864786	0.000000000000
2	2	4	4	0	-1	2	0	0	0	0	0	0	1.986787867372	0.000000000000
2	2	4	4	0	0	-2	0	0	0	0	0	0	1.997879683758	0.000000000000
2	2	4	4	0	0	-1	0	0	0	0	0	0	4.444228289429	0.000000000000
2	2	4	4	0	0	0	0	0	0	0	0	0	20.323562562375	0.000000000000
2	2	4	4	0	0	1	0	0	0	0	0	0	3.434612149535	0.000000000000
2	2	4	4	0	0	2	0	0	0	0	0	0	1.752963252782	0.000000000000
2	2	4	4	0	1	-2	0	0	0	0	0	0	2.368949995069	0.000000000000
2	2	4	4	0	1	-1	0	0	0	0	0	0	4.444299634332	0.000000000000
2	2	4	4	0	1	0	0	0	0	0	0	0	3.526629562037	0.000000000000
2	2	4	4	0	1	1	0	0	0	0	0	0	2.017539024712	0.000000000000
2	2	4	4	0	2	-2	0	0	0	0	0	0	1.997929056372	0.000000000000
2	2	4	4	0	2	-1	0	0	0	0	0	0	2.183730793600	0.000000000000
2	2	4	4	0	2	0	0	0	0	0	0	0	1.815312574935	0.000000000000
2	2	4	4	1	-2	-1	0	0	0	0	0	0	1.723727888666	0.000000000000
2	2	4	4	1	-2	0	0	0	0	0	0	0	2.149828320848	0.000000000000
2	2	4	4	1	-2	1	0	0	0	0	0	0	2.075743018172	0.000000000000
2	2	4	4	1	-1	-2	0	0	0	0	0	0	1.810583448974	0.000000000000
2	2	4	4	1	-1	-1	0	0	0	0	0	0	2.966997867663	0.000000000000
2	2	4	4	1	-1	0	0	0	0	0	0	0	4.067900401450	0.000000000000
2	2	4	4	1	-1	1	0	0	0	0	0	0	2.498566998512	0.000000000000
2	2	4	4	1	0	-2	0	0	0	0	0	0	2.666777018908	0.000000000000
2	2	4	4	1	0	-1	0	0	0	0	0	0	10.195075420252	0.000000000000
2	2	4	4	1	0	0	0	0	0	0	0	0	4.068296914320	0.000000000000
2	2	4	4	1	0	1	0	0	0	0	0	0	2.075807345922	0.000000000000
2	2	4	4	1	1	-3	0	0	0	0	0	0	1.713430623029	0.000000000000
2	2	4	4	1	1	-2	0	0	0	0	0	0	2.666857930497	0.000000000000
2	2	4	4	1	1	-1	0	0	0	0	0	0	2.967185487649	0.000000000000
2	2	4	4	1	1	0	0	0	0	0	0	0	2.149933205140	0.000000000000
2	2	4	4	1	2	-2	0	0	0	0	0	0	1.810643745304	0.000000000000
2	2	4	4	1	2	-1	0	0	0	0	0	0	1.723798842538	0.000000000000
2	2	4	4	2	-2	-1	0	0	0	0	0	0	1.783276641454	0.000000000000
2	2	4	4	2	-2	0	0	0	0	0	0	0	1.927716042642	0.000000000000
2	2	4	4	2	-2	1	0	0	0	0	0	0	1.658116682037	0.000000000000
2	2	4	4	2	-1	-2	0	0	0	0	0	0	1.904534165516	0.000000000000
2	2	4	4	2	-1	-1	0	0	0	0	0	0	2.520199705260	0.000000000000
2	2	4	4	2	-1	0	0	0	0	0	0	0	2.262098726263	0.000000000000
2	2	4	4	2	-1	1	0	0	0	0	0	0	1.658134990072	0.000000000000
2	2	4	4	2	0	-2	0	0	0	0	0	0	2.423101338326	0.000000000000
2	2	4	4	2	0	-1	0	0	0	0	0	0	2.520253553781	0.000000000000
2	2	4	4	2	0	0	0	0	0	0	0	0	1.927770165733	0.000000000000
2	2	4	4	2	1	-2	0	0	0	0	0	0	1.904580963103	0.000000000000
2	2	4	4	2	1	-1	0	0	0	0	0	0	1.783337925198	0.000000000000
3	3	1	1	-1	-1	1	0	0	0	0	0	0	1.657829016841	0.000000000000
3	3	1	1	-1	-1	2	0	0	0	0	0	0	1.658592963287	0.000000000000
3	3	1	1	-1	0	0	0	0	0	0	0	0	1.927943892654	0.000000000000
3	3	1	1	-1	0	1	0	0	0	0	0	0	2.262410017425	0.000000000000
3	3	1	1	-1	0	2	0	0	0	0	0	0	1.929858877922	0.000000000000
3	3	1	1	-1	1	-1	0	0	0	0	0	0	1.784200428684	0.000000000000
3	3	1	1	-1	1	0	0	0	0	0	0	0	2.522074993906	0.000000000000
3	3	1	1	-1	1	1	0	0	0	0	0	0	2.523469375210	0.000000000000
3	3	1	1	-1	1	2	0	0	0	0	0	0	1.785607829186	0.000000000000
3	3	1	1	-1	2	-1	0	0	0	0	0	0	1.907275751778	0.000000000000
3	3	1	1	-1	2	0	0	0	0	0	0	0	2.429632953643	0.000000000000
3	3	1	1	-1	2	1	0	0	0	0	0	0	1.907832973813	0.000000000000
3	3	1	1	0	-1	0	0	0	0	0	0	0	2.072763009170	0.000000000000
3	3	1	1	0	-1	1	0	0	0	0	0	0	2.498929705808	0.000000000000
3	3	1	1	0	-1	2	0	0	0	0	0	0	2.076431394299	0.000000000000
3	3	1	1	0	0	-1	0	0	0	0	0	0	2.149272323070	0.000000000000
3	3	1	1	0	0	0	0	0	0	0	0	0	4.059141781579	0.000000000000
3	3	1	1	0	0	1	0	0	0	0	0	0	4.077880967601	0.000000000000
3	3	1	1	0	0	2	0	0	0	0	0	0	2.151989834765	0.000000000000
3	3	1	1	0	1	-2	0	0	0	0	0	0	1.723966373351	0.000000000000
3	3	1	1	0	1	-1	0	0	0	0	0	0	2.969702682547	0.000000000000
3	3	1	1	0	1	0	0	0	0	0	0	0	10.325484911459	0.000000000000
3	3	1	1	0	1	1	0	0	0	0	0	0	2.973160702364	0.000000000000
3	3	1	1	0	1	2	0	0	0	0	0	0	1.725643314706	0.000000000000
3	3	1	1	0	2	-2	0	0	0	0	0	0	1.811928488653	0.000000000000
3	3	1	1	0	2	-1	0	0	0	0	0	0	2.669557750964	0.000000000000
3	3	1	1	0	2	0	0	0	0	0	0	0	2.674202768375	0.000000000000
3	3	1	1	0	2	1	0	0	0	0	0	0	1.813024534817	0.000000000000
3	3	1	1	0	3	-1	0	0	0	0	0	0	1.715542476021	0.000000000000
3	3	1	1	1	-2	0	0	0	0	0	0	0	1.751167461683	0.000000000000
3	3	1	1	1	-2	1	0	0	0	0	0	0	1.985763158296	0.000000000000
3	3	1	1	1	-2	2	0	0	0	0	0	0	1.752264708537	0.000000000000
3	3	1	1	1	-1	-1	0	0	0	0	0	0	2.015128049217	0.000000000000
3	3	1	1	1	-1	0	0	0	0	0	0	0	3.433951631495	0.000000000000
3	3	1	1	1	-1	1	0	0	0	0	0	0	3.437182616653	0.000000000000
3	3	1	1	1	-1	2	0	0	0	0	0	0	2.017325743309	0.000000000000
3	3	1	1	1	0	-2	0	0	0	0	0	0	1.813873629664	0.000000000000
3	3	1	1	1	0	-1	0	0	0	0	0	0	3.516598479031	0.000000000000
3	3	1	1	1	0	0	0	0	0	0	0	0	20.235365324441	0.000000000000
3	3	1	1	1	0	1	0	0	0	0	0	0	3.528306503896	0.000000000000
3	3	1	1	1	0	2	0	0	0	0	0	0	1.815802167165	0.000000000000
3	3	1	1	1	1	-2	0	0	0	0	0	0	2.182657428758	0.000000000000
3	3	1	1	1	1	-1	0	0	0	0	0	0	4.446000073211	0.000000000000
3	3	1	1	1	1	0	0	0	0	0	0	0	4.434406487323	0.000000000000
3	3	1	1	1	1	1	0	0	0	0	0	0	2.186101886143	0.000000000000
3	3	1	1	1	2	-2	0	0	0	0	0	0	1.998880511660	0.000000000000
3	3	1	1	1	2	-1	0	0	0	0	0	0	2.370168507584	0.000000000000
3	3	1	1	1	2	0	0	0	0	0	0	0	2.000380437879	0.000000000000
3	3	1	1	2	-2	0	0	0	0	0	0	0	1.996758600065	0.000000000000
3	3	1	1	2	-2	1	0	0	0	0	0	0	1.996987833134	0.000000000000
3	3	1	1	2	-1	-1	0	0	0	0	0	0	2.386015243708	0.000000000000
3	3	1	1	2	-1	0	0	0	0	0	0	0	4.285049492465	0.000000000000
3	3	1	1	2	-1	1	0	0	0	0	0	0	2.387125310723	0.000000000000
3	3	1	1	2	0	-2	0	0	0	0	0	0	2.028550678541	0.000000000000
3	3	1	1	2	0	-1	0	0	0	0	0	0	3.441136798407	0.000000000000
3	3	1	1	2	0	0	0	0	0	0	0	0	3.442016606903	0.000000000000
3	3	1	1	2	0	1	0	0	0	0	0	0	2.030654362156	0.000000000000
3	3	1	1	2	1	-2	0	0	0	0	0	0	2.112921828532	0.000000000000
3	3	1	1	2	1	-1	0	0	0	0	0	0	2.576829683031	0.000000000000
3	3	1	1	2	1	0	0	0	0	0	0	0	2.113683942398	0.000000000000
3	3	1	1	2	2	-2	0	0	0	0	0	0	1.702447241831	0.000000000000
3	3	1	1	2	2	-1	0	0	0	0	0	0	1.702855419533	0.000000000000
3	3	1	1	3	-2	0	0	0	0	0	0	0	1.822471055406	0.000000000000
3	3	1	1	3	-1	-1	0	0	0	0	0	0	1.999239426121	0.000000000000
3	3	1	1	3	-1	0	0	0	0	0	0	0	1.999576867474	0.000000000000
3	3	1	1	3	0	-2	0	0	0	0	0	0	1.760264661234	0.000000000000
3	3	1	1	3	0	-1	0	0	0	0	0	0	2.008572388069	0.000000000000
3	3	1	1	3	0	0	0	0	0	0	0	0	1.760892553146	0.000000000000
3	3	2	2	-1	0	0	0	0	0	0	0	0	1.656617650621	0.000000000000
3	3	2	2	-1	0	1	0	0	0	0	0	0	1.959255322791	0.000000000000
3	3	2	2	-1	0	2	0	0	0	0	0	0	1.826912640508	0.000000000000
3	3	2	2	-1	1	0	0	0	0	0	0	0	2.298906826994	0.000000000000
3	3	2	2	-1	1	1	0	0	0	0	0	0	2.505621710301	0.000000000000
3	3	2	2	-1	1	2	0	0	0	0	0	0	1.912966704089	0.000000000000
3	3	2	2	-1	2	-1	0	0	0	0	0	0	1.906511660866	0.000000000000
3	3	2	2	-1	2	0	0	0	0	0	0	0	2.626565887892	0.000000000000
3	3	2	2	-1	2	1	0	0	0	0	0	0	2.249767555632	0.000000000000
3	3	2	2	-1	3	-1	0	0	0	0	0	0	1.783593894705	0.000000000000
3	3	2	2	-1	3	0	0	0	0	0	0	0	1.930502076679	0.000000000000
3	3	2	2	0	-1	0	0	0	0	0	0	0	1.656623418325	0.000000000000
3	3	2	2	0	-1	1	0	0	0	0	0	0	1.959265393684	0.000000000000
3	3	2	2	0	-1	2	0	0	0	0	0	0	1.826920609396	0.000000000000
3	3	2	2	0	0	-1	0	0	0	0	0	0	1.795861582637	0.000000000000
3	3	2	2	0	0	0	0	0	0	0	0	0	2.820091394076	0.000000000000
3	3	2	2	0	0	1	0	0	0	0	0	0	3.234531293099	0.000000000000
3	3	2	2	0	0	2	0	0	0	0	0	0	2.192344544167	0.000000000000
3	3	2	2	0	1	-1	0	0	0	0	0	0	2.655538687221	0.000000000000
3	3	2	2	0	1	0	0	0	0	0	0	0	7.495274161065	0.000000000000
3	3	2	2	0	1	1	0	0	0	0	0	0	3.870399400583	0.000000000000
3	3	2	2	0	1	2	0	0	0	0	0	0	1.985796803418	0.000000000000
3	3	2	2	0	2	-2	0	0	0	0	0	0	1.820759134188	0.000000000000
3	3	2	2	0	2	-1	0	0	0	0	0	0	3.011535297731	0.000000000000
3	3	2	2	0	2	0	0	0	0	0	0	0	4.503716764605	0.000000000000
3	3	2	2	0	2	1	0	0	0	0	0	0	2.304514533864	0.000000000000
3	3	2	2	0	3	-2	0	0	0	0	0	0	1.697456649914	0.000000000000
3	3	2	2	0	3	-1	0	0	0	0	0	0	2.079949656169	0.000000000000
3	3	2	2	0	3	0	0	0	0	0	0	0	1.947245454743	0.000000000000
3	3	2	2	1	-1	0	0	0	0	0	0	0	2.298939139428	0.000000000000
3	3	2	2	1	-1	1	0	0	0	0	0	0	2.505662830208	0.000000000000
3	3	2	2	1	-1	2	0	0	0	0	0	0	1.912984437031	0.000000000000
3	3	2	2	1	0	-1	0	0	0	0	0	0	2.655562348191	0.000000000000
3	3	2	2	1	0	0	0	0	0	0	0	0	7.495540336589	0.000000000000
3	3	2	2	1	0	1	0	0	0	0	0	0	3.870470227455	0.000000000000
3	3	2	2	1	0	2	0	0	0	0	0	0	1.985807147901	0.000000000000
3	3	2	2	1	1	-2	0	0	0	0	0	0	2.067973106895	0.000000000000
3	3	2	2	1	1	-1	0	0	0	0	0	0	4.698840243047	0.000000000000
3	3	2	2	1	1	0	0	0	0	0	0	0	11.149600504954	0.000000000000
3	3	2	2	1	1	1	0	0	0	0	0	0	2.884284447923	0.000000000000
3	3	2	2	1	2	-2	0	0	0	0	0	0	2.149755287673	0.000000000000
3	3	2	2	1	2	-1	0	0	0	0	0	0	3.136350415946	0.000000000000
3	3	2	2	1	2	0	0	0	0	0	0	0	2.751982055839	0.000000000000
3	3	2	2	1	2	1	0	0	0	0	0	0	1.774957878629	0.000000000000
3	3	2	2	1	3	-2	0	0	0	0	0	0	1.728604316735	0.000000000000
3	3	2	2	1	3	-1	0	0	0	0	0	0	1.841772484358	0.000000000000
3	3	2	2	2	-1	-1	0	0	0	0	0	0	1.906537981953	0.000000000000
3	3	2	2	2	-1	0	0	0	0	0	0	0	2.626645649354	0.000000000000
3	3	2	2	2	-1	1	0	0	0	0	0	0	2.249811775848	0.000000000000
3	3	2	2	2	0	-2	0	0	0	0	0	0	1.820773736468	0.000000000000
3	3	2	2	2	0	-1	0	0	0	0	0	0	3.011598576479	0.000000000000
3	3	2	2	2	0	0	0	0	0	0	0	0	4.503916157996	0.000000000000
3	3	2	2	2	0	1	0	0	0	0	0	0	2.304542961054	0.000000000000
3	3	2	2	2	1	-2	0	0	0	0	0	0	2.149766571529	0.000000000000
3	3	2	2	2	1	-1	0	0	0	0	0	0	3.136383373854	0.000000000000
3	3	2	2	2	1	0	0	0	0	0	0	0	2.752004454696	0.000000000000
3	3	2	2	2	1	1	0	0	0	0	0	0	1.774964441811	0.000000000000
3	3	2	2	2	2	-2	0	0	0	0	0	0	1.926102064759	0.000000000000
3	3	2	2	2	2	-1	0	0	0	0	0	0	2.084717668125	0.000000000000
3	3	2	2	2	2	0	0	0	0	0	0	0	1.731454470154	0.000000000000
3	3	2	2	3	-1	-1	0	0	0	0	0	0	1.783623058185	0.000000000000
3	3	2	2	3	-1	0	0	0	0	0	0	0	1.930539376213	0.000000000000
3	3	2	2	3	0	-2	0	0	0	0	0	0	1.697474563580	0.000000000000
3	3	2	2	3	0	-1	0	0	0	0	0	0	2.079982376230	0.000000000000
3	3	2	2	3	0	0	0	0	0	0	0	0	1.947272882165	0.000000000000
3	3	2	2	3	1	-2	0	0	0	0	0	0	1.728616544417	0.000000000000
3	3	2	2	3	1	-1	0	0	0	0	0	0	1.841787145533	0.000000000000
3	3	3	3	-2	1	0	0	0	0	0	0	0	1.751150217268	0.000000000000
3	3	3	3	-2	1	1	0	0	0	0	0	0	1.985737942560	0.000000000000
3	3	3	3	-2	1	2	0	0	0	0	0	0	1.752247434140	0.000000000000
3	3	3	3	-2	2	0	0	0	0	0	0	0	1.996720886646	0.000000000000
3	3	3	3	-2	2	1	0	0	0	0	0	0	1.996950252309	0.000000000000
3	3	3	3	-2	3	0	0	0	0	0	0	0	1.822439622554	0.000000000000
3	3	3	3	-1	-1	1	0	0	0	0	0	0	1.657832271076	0.000000000000
3	3	3	3	-1	-1	2	0	0	0	0	0	0	1.658596251628	0.000000000000
3	3	3	3	-1	0	0	0	0	0	0	0	0	2.072758470755	0.000000000000
3	3	3	3	-1	0	1	0	0	0	0	0	0	2.498920033799	0.000000000000
3	3	3	3	-1	0	2	0	0	0	0	0	0	2.076426608534	0.000000000000
3	3	3	3	-1	1	-1	0	0	0	0	0	0	2.015113427858	0.000000000000
3	3	3	3	-1	1	0	0	0	0	0	0	0	3.433877471990	0.000000000000
3	3	3	3	-1	1	1	0	0	0	0	0	0	3.437107597092	0.000000000000
3	3	3	3	-1	1	2	0	0	0	0	0	0	2.017311023651	0.000000000000
3	3	3	3	-1	2	-1	0	0	0	0	0	0	2.385975087902	0.000000000000
3	3	3	3	-1	2	0	0	0	0	0	0	0	4.284804262142	0.000000000000
3	3	3	3	-1	2	1	0	0	0	0	0	0	2.387085228126	0.000000000000
3	3	3	3	-1	3	-1	0	0	0	0	0	0	1.999204516530	0.000000000000
3	3	3	3	-1	3	0	0	0	0	0	0	0	1.999541818712	0.000000000000
3	3	3	3	0	-1	0	0	0	0	0	0	0	1.927957855166	0.000000000000
3	3	3	3	0	-1	1	0	0	0	0	0	0	2.262433342511	0.000000000000
3	3	3	3	0	-1	2	0	0	0	0	0	0	1.929872940946	0.000000000000
3	3	3	3	0	0	-1	0	0	0	0	0	0	2.149278589639	0.000000000000
3	3	3	3	0	0	0	0	0	0	0	0	0	4.059187189329	0.000000000000
3	3	3	3	0	0	1	0	0	0	0	0	0	4.077930497753	0.000000000000
3	3	3	3	0	0	2	0	0	0	0	0	0	2.151996257103	0.000000000000
3	3	3	3	0	1	-2	0	0	0	0	0	0	1.813870007186	0.000000000000
3	3	3	3	0	1	-1	0	0	0	0	0	0	3.516577229437	0.000000000000
3	3	3	3	0	1	0	0	0	0	0	0	0	20.234902762526	0.000000000000
3	3	3	3	0	1	1	0	0	0	0	0	0	3.528285181804	0.000000000000
3	3	3	3	0	1	2	0	0	0	0	0	0	1.815798563605	0.000000000000
3	3	3	3	0	2	-2	0	0	0	0	0	0	2.028536245821	0.000000000000
3	3	3	3	0	2	-1	0	0	0	0	0	0	3.441066150078	0.000000000000
3	3	3	3	0	2	0	0	0	0	0	0	0	3.441948047436	0.000000000000
3	3	3	3	0	2	1	0	0	0	0	0	0	2.030640124526	0.000000000000
3	3	3	3	0	3	-2	0	0	0	0	0	0	1.760248333794	0.000000000000
3	3	3	3	0	3	-1	0	0	0	0	0	0	2.008548655029	0.000000000000
3	3	3	3	0	3	0	0	0	0	0	0	0	1.760876215307	0.000000000000
3	3	3	3	1	-1	-1	0	0	0	0	0	0	1.784218067457	0.000000000000
3	3	3	3	1	-1	0	0	0	0	0	0	0	2.522127346712	0.000000000000
3	3	3	3	1	-1	1	0	0	0	0	0	0	2.523521725129	0.000000000000
3	3	3	3	1	-1	2	0	0	0	0	0	0	1.785625473784	0.000000000000
3	3	3	3	1	0	-2	0	0	0	0	0	0	1.723975712212	0.000000000000
3	3	3	3	1	0	-1	0	0	0	0	0	0	2.969746041204	0.000000000000
3	3	3	3	1	0	0	0	0	0	0	0	0	10.326159033999	0.000000000000
3	3	3	3	1	0	1	0	0	0	0	0	0	2.973204003288	0.000000000000
3	3	3	3	1	0	2	0	0	0	0	0	0	1.725652596933	0.000000000000
3	3	3	3	1	1	-2	0	0	0	0	0	0	2.182662906200	0.000000000000
3	3	3	3	1	1	-1	0	0	0	0	0	0	4.446035348029	0.000000000000
3	3	3	3	1	1	0	0	0	0	0	0	0	4.434439361796	0.000000000000
3	3	3	3	1	1	1	0	0	0	0	0	0	2.186107301974	0.000000000000
3	3	3	3	1	2	-2	0	0	0	0	0	0	2.112915839618	0.000000000000
3	3	3	3	1	2	-1	0	0	0	0	0	0	2.576819606489	0.000000000000
3	3	3	3	1	2	0	0	0	0	0	0	0	2.113677963152	0.000000000000
3	3	3	3	2	-1	-1	0	0	0	0	0	0	1.907306092391	0.000000000000
3	3	3	3	2	-1	0	0	0	0	0	0	0	2.429707632623	0.000000000000
3	3	3	3	2	-1	1	0	0	0	0	0	0	1.907863271173	0.000000000000
3	3	3	3	2	0	-2	0	0	0	0	0	0	1.811946029005	0.000000000000
3	3	3	3	2	0	-1	0	0	0	0	0	0	2.669614317711	0.000000000000
3	3	3	3	2	0	0	0	0	0	0	0	0	2.674259176530	0.000000000000
3	3	3	3	2	0	1	0	0	0	0	0	0	1.813041982353	0.000000000000
3	3	3	3	2	1	-2	0	0	0	0	0	0	1.998893583834	0.000000000000
3	3	3	3	2	1	-1	0	0	0	0	0	0	2.370189601192	0.000000000000
3	3	3	3	2	1	0	0	0	0	0	0	0	2.000393562715	0.000000000000
3	3	3	3	2	2	-2	0	0	0	0	0	0	1.702449806329	0.000000000000
3	3	3	3	2	2	-1	0	0	0	0	0	0	1.702857970598	0.000000000000
3	3	3	3	3	0	-1	0	0	0	0	0	0	1.715563868361	0.000000000000
3	3	4	4	-1	0	0	0	0	0	0	0	0	1.825276848248	0.000000000000
3	3	4	4	-1	0	1	0	0	0	0	0	0	1.959424501154	0.000000000000
3	3	4	4	-1	0	2	0	0	0	0	0	0	1.658264124022	0.000000000000
3	3	4	4	-1	1	-1	0	0	0	0	0	0	1.911328566367	0.000000000000
3	3	4	4	-1	1	0	0	0	0	0	0	0	2.504575509506	0.000000000000
3	3	4	4	-1	1	1	0	0	0	0	0	0	2.300930137321	0.000000000000
3	3	4	4	-1	2	-1	0	0	0	0	0	0	2.248709242448	0.000000000000
3	3	4	4	-1	2	0	0	0	0	0	0	0	2.627437282509	0.000000000000
3	3	4	4	-1	2	1	0	0	0	0	0	0	1.907676877900	0.000000000000
3	3	4	4	-1	3	-1	0	0	0	0	0	0	1.930796345782	0.000000000000
3	3	4	4	-1	3	0	0	0	0	0	0	0	1.783570366062	0.000000000000
3	3	4	4	0	-1	0	0	0	0	0	0	0	1.825284765056	0.000000000000
3	3	4	4	0	-1	1	0	0	0	0	0	0	1.959434566035	0.000000000000
3	3	4	4	0	-1	2	0	0	0	0	0	0	1.658269905164	0.000000000000
3	3	4	4	0	0	-1	0	0	0	0	0	0	2.187277841634	0.000000000000
3	3	4	4	0	0	0	0	0	0	0	0	0	3.225711603001	0.000000000000
3	3	4	4	0	0	1	0	0	0	0	0	0	2.830775697662	0.000000000000
3	3	4	4	0	0	2	0	0	0	0	0	0	1.798412845930	0.000000000000
3	3	4	4	0	1	-2	0	0	0	0	0	0	1.984186188202	0.000000000000
3	3	4	4	0	1	-1	0	0	0	0	0	0	3.858173128841	0.000000000000
3	3	4	4	0	1	0	0	0	0	0	0	0	7.496979231183	0.000000000000
3	3	4	4	0	1	1	0	0	0	0	0	0	2.657899520331	0.000000000000
3	3	4	4	0	2	-2	0	0	0	0	0	0	2.303092227611	0.000000000000
3	3	4	4	0	2	-1	0	0	0	0	0	0	4.506156997932	0.000000000000
3	3	4	4	0	2	0	0	0	0	0	0	0	3.011385496247	0.000000000000
3	3	4	4	0	2	1	0	0	0	0	0	0	1.822359886049	0.000000000000
3	3	4	4	0	3	-2	0	0	0	0	0	0	1.945824323790	0.000000000000
3	3	4	4	0	3	-1	0	0	0	0	0	0	2.081198653330	0.000000000000
3	3	4	4	0	3	0	0	0	0	0	0	0	1.698036148295	0.000000000000
3	3	4	4	1	-1	-1	0	0	0	0	0	0	1.911346211545	0.000000000000
3	3	4	4	1	-1	0	0	0	0	0	0	0	2.504616616197	0.000000000000
3	3	4	4	1	-1	1	0	0	0	0	0	0	2.300962365384	0.000000000000
3	3	4	4	1	0	-2	0	0	0	0	0	0	1.984196457453	0.000000000000
3	3	4	4	1	0	-1	0	0	0	0	0	0	3.858242831692	0.000000000000
3	3	4	4	1	0	0	0	0	0	0	0	0	7.497244460829	0.000000000000
3	3	4	4	1	0	1	0	0	0	0	0	0	2.657923287845	0.000000000000
3	3	4	4	1	1	-2	0	0	0	0	0	0	2.873751899182	0.000000000000
3	3	4	4	1	1	-1	0	0	0	0	0	0	11.118982259914	0.000000000000
3	3	4	4	1	1	0	0	0	0	0	0	0	4.735542116525	0.000000000000
3	3	4	4	1	1	1	0	0	0	0	0	0	2.071087238085	0.000000000000
3	3	4	4	1	2	-3	0	0	0	0	0	0	1.773432637659	0.000000000000
3	3	4	4	1	2	-2	0	0	0	0	0	0	2.750506796317	0.000000000000
3	3	4	4	1	2	-1	0	0	0	0	0	0	3.136252120651	0.000000000000
3	3	4	4	1	2	0	0	0	0	0	0	0	2.151895078427	0.000000000000
3	3	4	4	1	3	-2	0	0	0	0	0	0	1.841792392822	0.000000000000
3	3	4	4	1	3	-1	0	0	0	0	0	0	1.729280142228	0.000000000000
3	3	4	4	2	-1	-1	0	0	0	0	0	0	2.248753283392	0.000000000000
3	3	4	4	2	-1	0	0	0	0	0	0	0	2.627516800050	0.000000000000
3	3	4	4	2	-1	1	0	0	0	0	0	0	1.907703181867	0.000000000000
3	3	4	4	2	0	-2	0	0	0	0	0	0	2.303120815592	0.000000000000
3	3	4	4	2	0	-1	0	0	0	0	0	0	4.506355204237	0.000000000000
3	3	4	4	2	0	0	0	0	0	0	0	0	3.011448605259	0.000000000000
3	3	4	4	2	0	1	0	0	0	0	0	0	1.822374420786	0.000000000000
3	3	4	4	2	1	-3	0	0	0	0	0	0	1.773439276106	0.000000000000
3	3	4	4	2	1	-2	0	0	0	0	0	0	2.750529394647	0.000000000000
3	3	4	4	2	1	-1	0	0	0	0	0	0	3.136284285290	0.000000000000
3	3	4	4	2	1	0	0	0	0	0	0	0	2.151906249790	0.000000000000
3	3	4	4	2	2	-3	0	0	0	0	0	0	1.730952373454	0.000000000000
3	3	4	4	2	2	-2	0	0	0	0	0	0	2.084461331321	0.000000000000
3	3	4	4	2	2	-1	0	0	0	0	0	0	1.926649379226	0.000000000000
3	3	4	4	3	-1	-1	0	0	0	0	0	0	1.930833516234	0.000000000000
3	3	4	4	3	-1	0	0	0	0	0	0	0	1.783599473589	0.000000000000
3	3	4	4	3	0	-2	0	0	0	0	0	0	1.945851894893	0.000000000000
3	3	4	4	3	0	-1	0	0	0	0	0	0	2.081231399991	0.000000000000
3	3	4	4	3	0	0	0	0	0	0	0	0	1.698053968864	0.000000000000
3	3	4	4	3	1	-2	0	0	0	0	0	0	1.841807061982	0.000000000000
3	3	4	4	3	1	-1	0	0	0	0	0	0	1.729292389059	0.000000000000
4	4	1	1	-2	0	0	0	0	0	0	0	0	1.760973271364	0.000000000000
4	4	1	1	-2	0	1	0	0	0	0	0	0	2.030725933760	0.000000000000
4	4	1	1	-2	0	2	0	0	0	0	0	0	1.815868517140	0.000000000000
4	4	1	1	-2	1	0	0	0	0	0	0	0	2.113758966214	0.000000000000
4	4	1	1	-2	1	1	0	0	0	0	0	0	2.186172288416	0.000000000000
4	4	1	1	-2	1	2	0	0	0	0	0	0	1.725706071869	0.000000000000
4	4	1	1	-2	2	-1	0	0	0	0	0	0	1.702932950521	0.000000000000
4	4	1	1	-2	2	0	0	0	0	0	0	0	2.000453734299	0.000000000000
4	4	1	1	-2	2	1	0	0	0	0	0	0	1.813090494025	0.000000000000
4	4	1	1	-1	-1	0	0	0	0	0	0	0	1.999640350697	0.000000000000
4	4	1	1	-1	-1	1	0	0	0	0	0	0	2.387176410853	0.000000000000
4	4	1	1	-1	-1	2	0	0	0	0	0	0	2.017377390702	0.000000000000
4	4	1	1	-1	0	-1	0	0	0	0	0	0	2.008640430414	0.000000000000
4	4	1	1	-1	0	0	0	0	0	0	0	0	3.442056639143	0.000000000000
4	4	1	1	-1	0	1	0	0	0	0	0	0	3.528356447950	0.000000000000
4	4	1	1	-1	0	2	0	0	0	0	0	0	2.152041598662	0.000000000000
4	4	1	1	-1	1	-1	0	0	0	0	0	0	2.576892967421	0.000000000000
4	4	1	1	-1	1	0	0	0	0	0	0	0	4.434478666087	0.000000000000
4	4	1	1	-1	1	1	0	0	0	0	0	0	2.973227741525	0.000000000000
4	4	1	1	-1	1	2	0	0	0	0	0	0	1.785654360923	0.000000000000
4	4	1	1	-1	2	-2	0	0	0	0	0	0	1.702514812193	0.000000000000
4	4	1	1	-1	2	-1	0	0	0	0	0	0	2.370235205818	0.000000000000
4	4	1	1	-1	2	0	0	0	0	0	0	0	2.674274269692	0.000000000000
4	4	1	1	-1	2	1	0	0	0	0	0	0	1.907884427769	0.000000000000
4	4	1	1	-1	3	-1	0	0	0	0	0	0	1.715599866244	0.000000000000
4	4	1	1	0	-2	0	0	0	0	0	0	0	1.822526872679	0.000000000000
4	4	1	1	0	-2	1	0	0	0	0	0	0	1.997030493462	0.000000000000
4	4	1	1	0	-2	2	0	0	0	0	0	0	1.752306224056	0.000000000000
4	4	1	1	0	-1	-1	0	0	0	0	0	0	1.999294108989	0.000000000000
4	4	1	1	0	-1	0	0	0	0	0	0	0	4.285012095529	0.000000000000
4	4	1	1	0	-1	1	0	0	0	0	0	0	3.437196598962	0.000000000000
4	4	1	1	0	-1	2	0	0	0	0	0	0	2.076469107324	0.000000000000
4	4	1	1	0	0	-2	0	0	0	0	0	0	1.760326369401	0.000000000000
4	4	1	1	0	0	-1	0	0	0	0	0	0	3.441165945007	0.000000000000
4	4	1	1	0	0	0	0	0	0	0	0	0	20.235240867164	0.000000000000
4	4	1	1	0	0	1	0	0	0	0	0	0	4.077943620766	0.000000000000
4	4	1	1	0	0	2	0	0	0	0	0	0	1.929894958699	0.000000000000
4	4	1	1	0	1	-2	0	0	0	0	0	0	2.112977549113	0.000000000000
4	4	1	1	0	1	-1	0	0	0	0	0	0	4.446064870658	0.000000000000
4	4	1	1	0	1	0	0	0	0	0	0	0	10.325772923733	0.000000000000
4	4	1	1	0	1	1	0	0	0	0	0	0	2.523520996736	0.000000000000
4	4	1	1	0	2	-2	0	0	0	0	0	0	1.998934595602	0.000000000000
4	4	1	1	0	2	-1	0	0	0	0	0	0	2.669618705875	0.000000000000
4	4	1	1	0	2	0	0	0	0	0	0	0	2.429692271174	0.000000000000
4	4	1	1	1	-2	0	0	0	0	0	0	0	1.996792368009	0.000000000000
4	4	1	1	1	-2	1	0	0	0	0	0	0	1.985792236478	0.000000000000
4	4	1	1	1	-1	-1	0	0	0	0	0	0	2.386048310559	0.000000000000
4	4	1	1	1	-1	0	0	0	0	0	0	0	3.433957736600	0.000000000000
4	4	1	1	1	-1	1	0	0	0	0	0	0	2.498955737977	0.000000000000
4	4	1	1	1	-1	2	0	0	0	0	0	0	1.658616096555	0.000000000000
4	4	1	1	1	0	-2	0	0	0	0	0	0	2.028593846036	0.000000000000
4	4	1	1	1	0	-1	0	0	0	0	0	0	3.516627988596	0.000000000000
4	4	1	1	1	0	0	0	0	0	0	0	0	4.059192653765	0.000000000000
4	4	1	1	1	0	1	0	0	0	0	0	0	2.262440790389	0.000000000000
4	4	1	1	1	1	-2	0	0	0	0	0	0	2.182699291918	0.000000000000
4	4	1	1	1	1	-1	0	0	0	0	0	0	2.969750838636	0.000000000000
4	4	1	1	1	1	0	0	0	0	0	0	0	2.522117052992	0.000000000000
4	4	1	1	1	2	-2	0	0	0	0	0	0	1.811966598574	0.000000000000
4	4	1	1	1	2	-1	0	0	0	0	0	0	1.907309118136	0.000000000000
4	4	1	1	2	-2	0	0	0	0	0	0	0	1.751190037196	0.000000000000
4	4	1	1	2	-1	-1	0	0	0	0	0	0	2.015151487565	0.000000000000
4	4	1	1	2	-1	0	0	0	0	0	0	0	2.072781662831	0.000000000000
4	4	1	1	2	-1	1	0	0	0	0	0	0	1.657842179933	0.000000000000
4	4	1	1	2	0	-2	0	0	0	0	0	0	1.813901807637	0.000000000000
4	4	1	1	2	0	-1	0	0	0	0	0	0	2.149295536267	0.000000000000
4	4	1	1	2	0	0	0	0	0	0	0	0	1.927960739031	0.000000000000
4	4	1	1	2	1	-2	0	0	0	0	0	0	1.723991386344	0.000000000000
4	4	1	1	2	1	-1	0	0	0	0	0	0	1.784219055945	0.000000000000
4	4	2	2	-2	0	1	0	0	0	0	0	0	1.813117532615	0.000000000000
4	4	2	2	-2	0	2	0	0	0	0	0	0	1.725721573402	0.000000000000
4	4	2	2	-2	1	0	0	0	0	0	0	0	2.000471379243	0.000000000000
4	4	2	2	-2	1	1	0	0	0	0	0	0	2.186178643105	0.000000000000
4	4	2	2	-2	1	2	0	0	0	0	0	0	1.815864337431	0.000000000000
4	4	2	2	-2	2	-1	0	0	0	0	0	0	1.702939175470	0.000000000000
4	4	2	2	-2	2	0	0	0	0	0	0	0	2.113753870240	0.000000000000
4	4	2	2	-2	2	1	0	0	0	0	0	0	2.030710251860	0.000000000000
4	4	2	2	-2	3	0	0	0	0	0	0	0	1.760946923688	0.000000000000
4	4	2	2	-1	-1	1	0	0	0	0	0	0	1.907923586048	0.000000000000
4	4	2	2	-1	-1	2	0	0	0	0	0	0	1.785680980614	0.000000000000
4	4	2	2	-1	0	-1	0	0	0	0	0	0	1.715638674956	0.000000000000
4	4	2	2	-1	0	0	0	0	0	0	0	0	2.674310500988	0.000000000000
4	4	2	2	-1	0	1	0	0	0	0	0	0	2.973249879690	0.000000000000
4	4	2	2	-1	0	2	0	0	0	0	0	0	2.152047773371	0.000000000000
4	4	2	2	-1	1	-1	0	0	0	0	0	0	2.370254193131	0.000000000000
4	4	2	2	-1	1	0	0	0	0	0	0	0	4.434488169241	0.000000000000
4	4	2	2	-1	1	1	0	0	0	0	0	0	3.528348417764	0.000000000000
4	4	2	2	-1	1	2	0	0	0	0	0	0	2.017362253988	0.000000000000
4	4	2	2	-1	2	-2	0	0	0	0	0	0	1.702521050237	0.000000000000
4	4	2	2	-1	2	-1	0	0	0	0	0	0	2.576887242721	0.000000000000
4	4	2	2	-1	2	0	0	0	0	0	0	0	3.442030820014	0.000000000000
4	4	2	2	-1	2	1	0	0	0	0	0	0	2.387146489313	0.000000000000
4	4	2	2	-1	3	-1	0	0	0	0	0	0	2.008612374692	0.000000000000
4	4	2	2	-1	3	0	0	0	0	0	0	0	1.999600763059	0.000000000000
4	4	2	2	0	-1	0	0	0	0	0	0	0	2.429742085969	0.000000000000
4	4	2	2	0	-1	1	0	0	0	0	0	0	2.523553953290	0.000000000000
4	4	2	2	0	-1	2	0	0	0	0	0	0	1.929912038838	0.000000000000
4	4	2	2	0	0	-1	0	0	0	0	0	0	2.669656952083	0.000000000000
4	4	2	2	0	0	0	0	0	0	0	0	0	10.325963685609	0.000000000000
4	4	2	2	0	0	1	0	0	0	0	0	0	4.077951651627	0.000000000000
4	4	2	2	0	0	2	0	0	0	0	0	0	2.076464437285	0.000000000000
4	4	2	2	0	1	-2	0	0	0	0	0	0	1.998952165529	0.000000000000
4	4	2	2	0	1	-1	0	0	0	0	0	0	4.446073639872	0.000000000000
4	4	2	2	0	1	0	0	0	0	0	0	0	20.235148763786	0.000000000000
4	4	2	2	0	1	1	0	0	0	0	0	0	3.437177440507	0.000000000000
4	4	2	2	0	1	2	0	0	0	0	0	0	1.752280377870	0.000000000000
4	4	2	2	0	2	-2	0	0	0	0	0	0	2.112972394889	0.000000000000
4	4	2	2	0	2	-1	0	0	0	0	0	0	3.441140042296	0.000000000000
4	4	2	2	0	2	0	0	0	0	0	0	0	4.284933611944	0.000000000000
4	4	2	2	0	2	1	0	0	0	0	0	0	1.996991060389	0.000000000000
4	4	2	2	0	3	-2	0	0	0	0	0	0	1.760300030725	0.000000000000
4	4	2	2	0	3	-1	0	0	0	0	0	0	1.999254011841	0.000000000000
4	4	2	2	0	3	0	0	0	0	0	0	0	1.822477754974	0.000000000000
4	4	2	2	1	-1	-1	0	0	0	0	0	0	1.907348756761	0.000000000000
4	4	2	2	1	-1	0	0	0	0	0	0	0	2.522150718792	0.000000000000
4	4	2	2	1	-1	1	0	0	0	0	0	0	2.262459077092	0.000000000000
4	4	2	2	1	-1	2	0	0	0	0	0	0	1.658622326267	0.000000000000
4	4	2	2	1	0	-2	0	0	0	0	0	0	1.811993723986	0.000000000000
4	4	2	2	1	0	-1	0	0	0	0	0	0	2.969773126431	0.000000000000
4	4	2	2	1	0	0	0	0	0	0	0	0	4.059201480226	0.000000000000
4	4	2	2	1	0	1	0	0	0	0	0	0	2.498950733384	0.000000000000
4	4	2	2	1	1	-2	0	0	0	0	0	0	2.182705674676	0.000000000000
4	4	2	2	1	1	-1	0	0	0	0	0	0	3.516622464632	0.000000000000
4	4	2	2	1	1	0	0	0	0	0	0	0	3.433937095424	0.000000000000
4	4	2	2	1	1	1	0	0	0	0	0	0	1.985764982706	0.000000000000
4	4	2	2	1	2	-2	0	0	0	0	0	0	2.028578093683	0.000000000000
4	4	2	2	1	2	-1	0	0	0	0	0	0	2.386017526777	0.000000000000
4	4	2	2	1	2	0	0	0	0	0	0	0	1.996752615518	0.000000000000
4	4	2	2	2	-1	-1	0	0	0	0	0	0	1.784245834009	0.000000000000
4	4	2	2	2	-1	0	0	0	0	0	0	0	1.927977934380	0.000000000000
4	4	2	2	2	-1	1	0	0	0	0	0	0	1.657848407073	0.000000000000
4	4	2	2	2	0	-2	0	0	0	0	0	0	1.724006864920	0.000000000000
4	4	2	2	2	0	-1	0	0	0	0	0	0	2.149301684583	0.000000000000
4	4	2	2	2	0	0	0	0	0	0	0	0	2.072777006058	0.000000000000
4	4	2	2	2	1	-2	0	0	0	0	0	0	1.813897631458	0.000000000000
4	4	2	2	2	1	-1	0	0	0	0	0	0	2.015136291266	0.000000000000
4	4	2	2	2	1	0	0	0	0	0	0	0	1.751164165652	0.000000000000
4	4	3	3	-3	1	1	0	0	0	0	0	0	1.775043391056	0.000000000000
4	4	3	3	-3	2	0	0	0	0	0	0	0	1.731535943293	0.000000000000
4	4	3	3	-3	2	1	0	0	0	0	0	0	1.775032998011	0.000000000000
4	4	3	3	-2	0	0	0	0	0	0	0	0	1.947343579875	0.000000000000
4	4	3	3	-2	0	1	0	0	0	0	0	0	2.304603131673	0.000000000000
4	4	3	3	-2	0	2	0	0	0	0	0	0	1.985864737507	0.000000000000
4	4	3	3	-2	1	-1	0	0	0	0	0	0	1.841862587558	0.000000000000
4	4	3	3	-2	1	0	0	0	0	0	0	0	2.752067052507	0.000000000000
4	4	3	3	-2	1	1	0	0	0	0	0	0	2.884346907112	0.000000000000
4	4	3	3	-2	1	2	0	0	0	0	0	0	1.985854368985	0.000000000000
4	4	3	3	-2	2	-1	0	0	0	0	0	0	2.084788957341	0.000000000000
4	4	3	3	-2	2	0	0	0	0	0	0	0	2.752053864284	0.000000000000
4	4	3	3	-2	2	1	0	0	0	0	0	0	2.304579153337	0.000000000000
4	4	3	3	-2	3	-1	0	0	0	0	0	0	1.841840252433	0.000000000000
4	4	3	3	-2	3	0	0	0	0	0	0	0	1.947309391251	0.000000000000
4	4	3	3	-1	-1	0	0	0	0	0	0	0	1.930596522124	0.000000000000
4	4	3	3	-1	-1	1	0	0	0	0	0	0	2.249855612201	0.000000000000
4	4	3	3	-1	-1	2	0	0	0	0	0	0	1.913029403102	0.000000000000
4	4	3	3	-1	0	-1	0	0	0	0	0	0	2.080041659152	0.000000000000
4	4	3	3	-1	0	0	0	0	0	0	0	0	4.503901841569	0.000000000000
4	4	3	3	-1	0	1	0	0	0	0	0	0	3.870490134930	0.000000000000
4	4	3	3	-1	0	2	0	0	0	0	0	0	2.192388052987	0.000000000000
4	4	3	3	-1	1	-2	0	0	0	0	0	0	1.728683410726	0.000000000000
4	4	3	3	-1	1	-1	0	0	0	0	0	0	3.136431299393	0.000000000000
4	4	3	3	-1	1	0	0	0	0	0	0	0	11.149655311666	0.000000000000
4	4	3	3	-1	1	1	0	0	0	0	0	0	3.870475326601	0.000000000000
4	4	3	3	-1	1	2	0	0	0	0	0	0	1.913007977385	0.000000000000
4	4	3	3	-1	2	-2	0	0	0	0	0	0	1.926163741532	0.000000000000
4	4	3	3	-1	2	-1	0	0	0	0	0	0	3.136417261812	0.000000000000
4	4	3	3	-1	2	0	0	0	0	0	0	0	4.503837958796	0.000000000000
4	4	3	3	-1	2	1	0	0	0	0	0	0	2.249819207502	0.000000000000
4	4	3	3	-1	3	-2	0	0	0	0	0	0	1.728661589458	0.000000000000
4	4	3	3	-1	3	-1	0	0	0	0	0	0	2.080006061341	0.000000000000
4	4	3	3	-1	3	0	0	0	0	0	0	0	1.930550625402	0.000000000000
4	4	3	3	0	-1	-1	0	0	0	0	0	0	1.783674546134	0.000000000000
4	4	3	3	0	-1	0	0	0	0	0	0	0	2.626667182308	0.000000000000
4	4	3	3	0	-1	1	0	0	0	0	0	0	2.505688571751	0.000000000000
4	4	3	3	0	-1	2	0	0	0	0	0	0	1.826951983603	0.000000000000
4	4	3	3	0	0	-2	0	0	0	0	0	0	1.697530450672	0.000000000000
4	4	3	3	0	0	-1	0	0	0	0	0	0	3.011627105413	0.000000000000
4	4	3	3	0	0	0	0	0	0	0	0	0	7.495470495233	0.000000000000
4	4	3	3	0	0	1	0	0	0	0	0	0	3.234565264049	0.000000000000
4	4	3	3	0	0	2	0	0	0	0	0	0	1.826941099498	0.000000000000
4	4	3	3	0	1	-2	0	0	0	0	0	0	2.149814914568	0.000000000000
4	4	3	3	0	1	-1	0	0	0	0	0	0	4.698883624136	0.000000000000
4	4	3	3	0	1	0	0	0	0	0	0	0	7.495421132911	0.000000000000
4	4	3	3	0	1	1	0	0	0	0	0	0	2.505663807169	0.000000000000
4	4	3	3	0	2	-2	0	0	0	0	0	0	2.149803422954	0.000000000000
4	4	3	3	0	2	-1	0	0	0	0	0	0	3.011593887836	0.000000000000
4	4	3	3	0	2	0	0	0	0	0	0	0	2.626621656782	0.000000000000
4	4	3	3	0	3	-2	0	0	0	0	0	0	1.697498766836	0.000000000000
4	4	3	3	0	3	-1	0	0	0	0	0	0	1.783630642551	0.000000000000
4	4	3	3	1	-1	-1	0	0	0	0	0	0	1.906570736126	0.000000000000
4	4	3	3	1	-1	0	0	0	0	0	0	0	2.298959187185	0.000000000000
4	4	3	3	1	-1	1	0	0	0	0	0	0	1.959286224824	0.000000000000
4	4	3	3	1	0	-2	0	0	0	0	0	0	1.820811183226	0.000000000000
4	4	3	3	1	0	-1	0	0	0	0	0	0	2.655585613706	0.000000000000
4	4	3	3	1	0	0	0	0	0	0	0	0	2.820116092176	0.000000000000
4	4	3	3	1	0	1	0	0	0	0	0	0	1.959275122942	0.000000000000
4	4	3	3	1	1	-2	0	0	0	0	0	0	2.068007092813	0.000000000000
4	4	3	3	1	1	-1	0	0	0	0	0	0	2.655573977377	0.000000000000
4	4	3	3	1	1	0	0	0	0	0	0	0	2.298935719804	0.000000000000
4	4	3	3	1	2	-2	0	0	0	0	0	0	1.820790483467	0.000000000000
4	4	3	3	1	2	-1	0	0	0	0	0	0	1.906537922209	0.000000000000
4	4	3	3	2	-1	0	0	0	0	0	0	0	1.656636009495	0.000000000000
4	4	3	3	2	0	-1	0	0	0	0	0	0	1.795876292637	0.000000000000
4	4	3	3	2	0	0	0	0	0	0	0	0	1.656625387284	0.000000000000
4	4	4	4	-2	0	0	0	0	0	0	0	0	1.698133758248	0.000000000000
4	4	4	4	-2	0	1	0	0	0	0	0	0	1.822445383260	0.000000000000
4	4	4	4	-2	1	-1	0	0	0	0	0	0	1.729374609604	0.000000000000
4	4	4	4	-2	1	0	0	0	0	0	0	0	2.151979263901	0.000000000000
4	4	4	4	-2	1	1	0	0	0	0	0	0	2.071155352484	0.000000000000
4	4	4	4	-2	2	-1	0	0	0	0	0	0	1.926726499877	0.000000000000
4	4	4	4	-2	2	0	0	0	0	0	0	0	2.151967778363	0.000000000000
4	4	4	4	-2	2	1	0	0	0	0	0	0	1.822424706113	0.000000000000
4	4	4	4	-2	3	-1	0	0	0	0	0	0	1.729352764422	0.000000000000
4	4	4	4	-2	3	0	0	0	0	0	0	0	1.698102196924	0.000000000000
4	4	4	4	-1	-1	0	0	0	0	0	0	0	1.783664779450	0.000000000000
4	4	4	4	-1	-1	1	0	0	0	0	0	0	1.907759275471	0.000000000000
4	4	4	4	-1	0	-1	0	0	0	0	0	0	2.081296107052	0.000000000000
4	4	4	4	-1	0	0	0	0	0	0	0	0	3.011491236324	0.000000000000
4	4	4	4	-1	0	1	0	0	0	0	0	0	2.657971079132	0.000000000000
4	4	4	4	-1	0	2	0	0	0	0	0	0	1.798461772284	0.000000000000
4	4	4	4	-1	1	-2	0	0	0	0	0	0	1.841878359696	0.000000000000
4	4	4	4	-1	1	-1	0	0	0	0	0	0	3.136338091386	0.000000000000
4	4	4	4	-1	1	0	0	0	0	0	0	0	4.735600714692	0.000000000000
4	4	4	4	-1	1	1	0	0	0	0	0	0	2.657959023846	0.000000000000
4	4	4	4	-1	2	-2	0	0	0	0	0	0	2.084528482774	0.000000000000
4	4	4	4	-1	2	-1	0	0	0	0	0	0	3.136324231709	0.000000000000
4	4	4	4	-1	2	0	0	0	0	0	0	0	3.011459925881	0.000000000000
4	4	4	4	-1	2	1	0	0	0	0	0	0	1.907726814622	0.000000000000
4	4	4	4	-1	3	-2	0	0	0	0	0	0	1.841856060569	0.000000000000
4	4	4	4	-1	3	-1	0	0	0	0	0	0	2.081260564653	0.000000000000
4	4	4	4	-1	3	0	0	0	0	0	0	0	1.783621229910	0.000000000000
4	4	4	4	0	-1	-1	0	0	0	0	0	0	1.930887133670	0.000000000000
4	4	4	4	0	-1	0	0	0	0	0	0	0	2.627543120695	0.000000000000
4	4	4	4	0	-1	1	0	0	0	0	0	0	2.300997341593	0.000000000000
4	4	4	4	0	-1	2	0	0	0	0	0	0	1.658307502350	0.000000000000
4	4	4	4	0	0	-2	0	0	0	0	0	0	1.945909369815	0.000000000000
4	4	4	4	0	0	-1	0	0	0	0	0	0	4.506343011520	0.000000000000
4	4	4	4	0	0	0	0	0	0	0	0	0	7.497175082121	0.000000000000
4	4	4	4	0	0	1	0	0	0	0	0	0	2.830815186128	0.000000000000
4	4	4	4	0	0	2	0	0	0	0	0	0	1.658296969304	0.000000000000
4	4	4	4	0	1	-2	0	0	0	0	0	0	2.750578213286	0.000000000000
4	4	4	4	0	1	-1	0	0	0	0	0	0	11.119027714124	0.000000000000
4	4	4	4	0	1	0	0	0	0	0	0	0	7.497138500253	0.000000000000
4	4	4	4	0	1	1	0	0	0	0	0	0	2.300973813029	0.000000000000
4	4	4	4	0	2	-3	0	0	0	0	0	0	1.731010242807	0.000000000000
4	4	4	4	0	2	-2	0	0	0	0	0	0	2.750565105769	0.000000000000
4	4	4	4	0	2	-1	0	0	0	0	0	0	4.506266480110	0.000000000000
4	4	4	4	0	2	0	0	0	0	0	0	0	2.627498631110	0.000000000000
4	4	4	4	0	3	-2	0	0	0	0	0	0	1.945875040347	0.000000000000
4	4	4	4	0	3	-1	0	0	0	0	0	0	1.930841122532	0.000000000000
4	4	4	4	1	-1	-1	0	0	0	0	0	0	2.248784718396	0.000000000000
4	4	4	4	1	-1	0	0	0	0	0	0	0	2.504638591902	0.000000000000
4	4	4	4	1	-1	1	0	0	0	0	0	0	1.959461076280	0.000000000000
4	4	4	4	1	0	-2	0	0	0	0	0	0	2.303158384203	0.000000000000
4	4	4	4	1	0	-1	0	0	0	0	0	0	3.858250630707	0.000000000000
4	4	4	4	1	0	0	0	0	0	0	0	0	3.225741756560	0.000000000000
4	4	4	4	1	0	1	0	0	0	0	0	0	1.959449907467	0.000000000000
4	4	4	4	1	1	-3	0	0	0	0	0	0	1.773485567807	0.000000000000
4	4	4	4	1	1	-2	0	0	0	0	0	0	2.873791455523	0.000000000000
4	4	4	4	1	1	-1	0	0	0	0	0	0	3.858235643060	0.000000000000
4	4	4	4	1	1	0	0	0	0	0	0	0	2.504613570897	0.000000000000
4	4	4	4	1	2	-3	0	0	0	0	0	0	1.773475150264	0.000000000000
4	4	4	4	1	2	-2	0	0	0	0	0	0	2.303134216748	0.000000000000
4	4	4	4	1	2	-1	0	0	0	0	0	0	2.248747608435	0.000000000000
4	4	4	4	2	-1	-1	0	0	0	0	0	0	1.911368461682	0.000000000000
4	4	4	4	2	-1	0	0	0	0	0	0	0	1.825302320761	0.000000000000
4	4	4	4	2	0	-2	0	0	0	0	0	0	1.984221614213	0.000000000000
4	4	4	4	2	0	-1	0	0	0	0	0	0	2.187298295247	0.000000000000
4	4	4	4	2	0	0	0	0	0	0	0	0	1.825291396137	0.000000000000
4	4	4	4	2	1	-2	0	0	0	0	0	0	1.984211381592	0.000000000000
4	4	4	4	2	1	-1	0	0	0	0	0	0	1.911346971505	0.000000000000
5	5	1	1	-1	-1	0	0	0	0	0	0	0	1.930595189674	0.000000000000
5	5	1	1	-1	-1	1	0	0	0	0	0	0	2.249856307556	0.000000000000
5	5	1	1	-1	-1	2	0	0	0	0	0	0	1.913031560180	0.000000000000
5	5	1	1	-1	0	-1	0	0	0	0	0	0	1.783673231496	0.000000000000
5	5	1	1	-1	0	0	0	0	0	0	0	0	2.626663776843	0.000000000000
5	5	1	1	-1	0	1	0	0	0	0	0	0	2.505691451514	0.000000000000
5	5	1	1	-1	0	2	0	0	0	0	0	0	1.826953640860	0.000000000000
5	5	1	1	-1	1	-1	0	0	0	0	0	0	1.906569056521	0.000000000000
5	5	1	1	-1	1	0	0	0	0	0	0	0	2.298958240545	0.000000000000
5	5	1	1	-1	1	1	0	0	0	0	0	0	1.959286416317	0.000000000000
5	5	1	1	-1	2	0	0	0	0	0	0	0	1.656634968411	0.000000000000
5	5	1	1	0	-2	0	0	0	0	0	0	0	1.947342322827	0.000000000000
5	5	1	1	0	-2	1	0	0	0	0	0	0	2.304603603695	0.000000000000
5	5	1	1	0	-2	2	0	0	0	0	0	0	1.985867531003	0.000000000000
5	5	1	1	0	-1	-1	0	0	0	0	0	0	2.080040196730	0.000000000000
5	5	1	1	0	-1	0	0	0	0	0	0	0	4.503887338767	0.000000000000
5	5	1	1	0	-1	1	0	0	0	0	0	0	3.870509740925	0.000000000000
5	5	1	1	0	-1	2	0	0	0	0	0	0	2.192391592932	0.000000000000
5	5	1	1	0	0	-2	0	0	0	0	0	0	1.697529302028	0.000000000000
5	5	1	1	0	0	-1	0	0	0	0	0	0	3.011622904498	0.000000000000
5	5	1	1	0	0	0	0	0	0	0	0	0	7.495466541251	0.000000000000
5	5	1	1	0	0	1	0	0	0	0	0	0	3.234570198557	0.000000000000
5	5	1	1	0	0	2	0	0	0	0	0	0	1.826942356596	0.000000000000
5	5	1	1	0	1	-2	0	0	0	0	0	0	1.820809672519	0.000000000000
5	5	1	1	0	1	-1	0	0	0	0	0	0	2.655582487583	0.000000000000
5	5	1	1	0	1	0	0	0	0	0	0	0	2.820110147342	0.000000000000
5	5	1	1	0	1	1	0	0	0	0	0	0	1.959274637782	0.000000000000
5	5	1	1	0	2	-1	0	0	0	0	0	0	1.795874352087	0.000000000000
5	5	1	1	0	2	0	0	0	0	0	0	0	1.656624228210	0.000000000000
5	5	1	1	1	-3	1	0	0	0	0	0	0	1.775044042217	0.000000000000
5	5	1	1	1	-2	-1	0	0	0	0	0	0	1.841861870527	0.000000000000
5	5	1	1	1	-2	0	0	0	0	0	0	0	2.752066396463	0.000000000000
5	5	1	1	1	-2	1	0	0	0	0	0	0	2.884352859491	0.000000000000
5	5	1	1	1	-2	2	0	0	0	0	0	0	1.985856622556	0.000000000000
5	5	1	1	1	-1	-2	0	0	0	0	0	0	1.728682570711	0.000000000000
5	5	1	1	1	-1	-1	0	0	0	0	0	0	3.136430359535	0.000000000000
5	5	1	1	1	-1	0	0	0	0	0	0	0	11.149647534250	0.000000000000
5	5	1	1	1	-1	1	0	0	0	0	0	0	3.870483982107	0.000000000000
5	5	1	1	1	-1	2	0	0	0	0	0	0	1.913009671643	0.000000000000
5	5	1	1	1	0	-2	0	0	0	0	0	0	2.149813384793	0.000000000000
5	5	1	1	1	0	-1	0	0	0	0	0	0	4.698870207065	0.000000000000
5	5	1	1	1	0	0	0	0	0	0	0	0	7.495405827556	0.000000000000
5	5	1	1	1	0	1	0	0	0	0	0	0	2.505664472660	0.000000000000
5	5	1	1	1	1	-2	0	0	0	0	0	0	2.068005135360	0.000000000000
5	5	1	1	1	1	-1	0	0	0	0	0	0	2.655568218338	0.000000000000
5	5	1	1	1	1	0	0	0	0	0	0	0	2.298933122626	0.000000000000
5	5	1	1	2	-3	0	0	0	0	0	0	0	1.731535997196	0.000000000000
5	5	1	1	2	-3	1	0	0	0	0	0	0	1.775033968653	0.000000000000
5	5	1	1	2	-2	-1	0	0	0	0	0	0	2.084788496998	0.000000000000
5	5	1	1	2	-2	0	0	0	0	0	0	0	2.752053693359	0.000000000000
5	5	1	1	2	-2	1	0	0	0	0	0	0	2.304581203876	0.000000000000
5	5	1	1	2	-1	-2	0	0	0	0	0	0	1.926163091763	0.000000000000
5	5	1	1	2	-1	-1	0	0	0	0	0	0	3.136415449926	0.000000000000
5	5	1	1	2	-1	0	0	0	0	0	0	0	4.503844480606	0.000000000000
5	5	1	1	2	-1	1	0	0	0	0	0	0	2.249821294566	0.000000000000
5	5	1	1	2	0	-2	0	0	0	0	0	0	2.149802414760	0.000000000000
5	5	1	1	2	0	-1	0	0	0	0	0	0	3.011596441193	0.000000000000
5	5	1	1	2	0	0	0	0	0	0	0	0	2.626624277271	0.000000000000
5	5	1	1	2	1	-2	0	0	0	0	0	0	1.820789630485	0.000000000000
5	5	1	1	2	1	-1	0	0	0	0	0	0	1.906537460599	0.000000000000
5	5	1	1	3	-2	-1	0	0	0	0	0	0	1.841840393496	0.000000000000
5	5	1	1	3	-2	0	0	0	0	0	0	0	1.947310344505	0.000000000000
5	5	1	1	3	-1	-2	0	0	0	0	0	0	1.728661463086	0.000000000000
5	5	1	1	3	-1	-1	0	0	0	0	0	0	2.080007357401	0.000000000000
5	5	1	1	3	-1	0	0	0	0	0	0	0	1.930551989763	0.000000000000
5	5	1	1	3	0	-2	0	0	0	0	0	0	1.697498859443	0.000000000000
5	5	1	1	3	0	-1	0	0	0	0	0	0	1.783631504668	0.000000000000
5	5	2	2	-1	-1	1	0	0	0	0	0	0	1.907923788730	0.000000000000
5	5	2	2	-1	-1	2	0	0	0	0	0	0	1.785682464657	0.000000000000
5	5	2	2	-1	0	0	0	0	0	0	0	0	2.429739546705	0.000000000000
5	5	2	2	-1	0	1	0	0	0	0	0	0	2.523556292042	0.000000000000
5	5	2	2	-1	0	2	0	0	0	0	0	0	1.929914402699	0.000000000000
5	5	2	2	-1	1	-1	0	0	0	0	0	0	1.907347033331	0.000000000000
5	5	2	2	-1	1	0	0	0	0	0	0	0	2.522149455249	0.000000000000
5	5	2	2	-1	1	1	0	0	0	0	0	0	2.262460238141	0.000000000000
5	5	2	2	-1	1	2	0	0	0	0	0	0	1.658623203273	0.000000000000
5	5	2	2	-1	2	-1	0	0	0	0	0	0	1.784244454100	0.000000000000
5	5	2	2	-1	2	0	0	0	0	0	0	0	1.927976616729	0.000000000000
5	5	2	2	-1	2	1	0	0	0	0	0	0	1.657848102269	0.000000000000
5	5	2	2	0	-2	1	0	0	0	0	0	0	1.813117752710	0.000000000000
5	5	2	2	0	-2	2	0	0	0	0	0	0	1.725722944429	0.000000000000
5	5	2	2	0	-1	-1	0	0	0	0	0	0	1.715637694893	0.000000000000
5	5	2	2	0	-1	0	0	0	0	0	0	0	2.674306841732	0.000000000000
5	5	2	2	0	-1	1	0	0	0	0	0	0	2.973253469195	0.000000000000
5	5	2	2	0	-1	2	0	0	0	0	0	0	2.152051317657	0.000000000000
5	5	2	2	0	0	-1	0	0	0	0	0	0	2.669653796097	0.000000000000
5	5	2	2	0	0	0	0	0	0	0	0	0	10.325913733885	0.000000000000
5	5	2	2	0	0	1	0	0	0	0	0	0	4.077971277452	0.000000000000
5	5	2	2	0	0	2	0	0	0	0	0	0	2.076467216710	0.000000000000
5	5	2	2	0	1	-2	0	0	0	0	0	0	1.811992331069	0.000000000000
5	5	2	2	0	1	-1	0	0	0	0	0	0	2.969769298288	0.000000000000
5	5	2	2	0	1	0	0	0	0	0	0	0	4.059192302268	0.000000000000
5	5	2	2	0	1	1	0	0	0	0	0	0	2.498950327521	0.000000000000
5	5	2	2	0	2	-2	0	0	0	0	0	0	1.724005409300	0.000000000000
5	5	2	2	0	2	-1	0	0	0	0	0	0	2.149298927024	0.000000000000
5	5	2	2	0	2	0	0	0	0	0	0	0	2.072774579634	0.000000000000
5	5	2	2	1	-2	0	0	0	0	0	0	0	2.000471012181	0.000000000000
5	5	2	2	1	-2	1	0	0	0	0	0	0	2.186180272462	0.000000000000
5	5	2	2	1	-2	2	0	0	0	0	0	0	1.815866024108	0.000000000000
5	5	2	2	1	-1	-1	0	0	0	0	0	0	2.370253138732	0.000000000000
5	5	2	2	1	-1	0	0	0	0	0	0	0	4.434484610215	0.000000000000
5	5	2	2	1	-1	1	0	0	0	0	0	0	3.528359283340	0.000000000000
5	5	2	2	1	-1	2	0	0	0	0	0	0	2.017364468192	0.000000000000
5	5	2	2	1	0	-2	0	0	0	0	0	0	1.998951085665	0.000000000000
5	5	2	2	1	0	-1	0	0	0	0	0	0	4.446073025015	0.000000000000
5	5	2	2	1	0	0	0	0	0	0	0	0	20.235162097157	0.000000000000
5	5	2	2	1	0	1	0	0	0	0	0	0	3.437179128932	0.000000000000
5	5	2	2	1	0	2	0	0	0	0	0	0	1.752281570085	0.000000000000
5	5	2	2	1	1	-2	0	0	0	0	0	0	2.182703520382	0.000000000000
5	5	2	2	1	1	-1	0	0	0	0	0	0	3.516611441146	0.000000000000
5	5	2	2	1	1	0	0	0	0	0	0	0	3.433927138194	0.000000000000
5	5	2	2	1	1	1	0	0	0	0	0	0	1.985765037774	0.000000000000
5	5	2	2	1	2	-2	0	0	0	0	0	0	1.813895872086	0.000000000000
5	5	2	2	1	2	-1	0	0	0	0	0	0	2.015133954322	0.000000000000
5	5	2	2	1	2	0	0	0	0	0	0	0	1.751163155918	0.000000000000
5	5	2	2	2	-2	-1	0	0	0	0	0	0	1.702938868852	0.000000000000
5	5	2	2	2	-2	0	0	0	0	0	0	0	2.113753925006	0.000000000000
5	5	2	2	2	-2	1	0	0	0	0	0	0	2.030711689394	0.000000000000
5	5	2	2	2	-1	-2	0	0	0	0	0	0	1.702520511253	0.000000000000
5	5	2	2	2	-1	-1	0	0	0	0	0	0	2.576886388381	0.000000000000
5	5	2	2	2	-1	0	0	0	0	0	0	0	3.442030418224	0.000000000000
5	5	2	2	2	-1	1	0	0	0	0	0	0	2.387148737007	0.000000000000
5	5	2	2	2	0	-2	0	0	0	0	0	0	2.112971689735	0.000000000000
5	5	2	2	2	0	-1	0	0	0	0	0	0	3.441140978241	0.000000000000
5	5	2	2	2	0	0	0	0	0	0	0	0	4.284946129674	0.000000000000
5	5	2	2	2	0	1	0	0	0	0	0	0	1.996992632089	0.000000000000
5	5	2	2	2	1	-2	0	0	0	0	0	0	2.028577070138	0.000000000000
5	5	2	2	2	1	-1	0	0	0	0	0	0	2.386017429055	0.000000000000
5	5	2	2	2	1	0	0	0	0	0	0	0	1.996752837203	0.000000000000
5	5	2	2	3	-2	0	0	0	0	0	0	0	1.760947526088	0.000000000000
5	5	2	2	3	-1	-1	0	0	0	0	0	0	2.008612810964	0.000000000000
5	5	2	2	3	-1	0	0	0	0	0	0	0	1.999601598703	0.000000000000
5	5	2	2	3	0	-2	0	0	0	0	0	0	1.760300115088	0.000000000000
5	5	2	2	3	0	-1	0	0	0	0	0	0	1.999255662649	0.000000000000
5	5	2	2	3	0	0	0	0	0	0	0	0	1.822479184335	0.000000000000
5	5	3	3	-2	0	0	0	0	0	0	0	0	1.822525665258	0.000000000000
5	5	3	3	-2	0	1	0	0	0	0	0	0	1.997030949896	0.000000000000
5	5	3	3	-2	0	2	0	0	0	0	0	0	1.752307682657	0.000000000000
5	5	3	3	-2	1	0	0	0	0	0	0	0	1.996791045931	0.000000000000
5	5	3	3	-2	1	1	0	0	0	0	0	0	1.985792873447	0.000000000000
5	5	3	3	-2	2	0	0	0	0	0	0	0	1.751189245109	0.000000000000
5	5	3	3	-1	-1	0	0	0	0	0	0	0	1.999638842088	0.000000000000
5	5	3	3	-1	-1	1	0	0	0	0	0	0	2.387177253397	0.000000000000
5	5	3	3	-1	-1	2	0	0	0	0	0	0	2.017380129088	0.000000000000
5	5	3	3	-1	0	-1	0	0	0	0	0	0	1.999292593183	0.000000000000
5	5	3	3	-1	0	0	0	0	0	0	0	0	4.285000583458	0.000000000000
5	5	3	3	-1	0	1	0	0	0	0	0	0	3.437210092675	0.000000000000
5	5	3	3	-1	0	2	0	0	0	0	0	0	2.076472210664	0.000000000000
5	5	3	3	-1	1	-1	0	0	0	0	0	0	2.386045553724	0.000000000000
5	5	3	3	-1	1	0	0	0	0	0	0	0	3.433957082596	0.000000000000
5	5	3	3	-1	1	1	0	0	0	0	0	0	2.498956594777	0.000000000000
5	5	3	3	-1	1	2	0	0	0	0	0	0	1.658616838997	0.000000000000
5	5	3	3	-1	2	-1	0	0	0	0	0	0	2.015149567072	0.000000000000
5	5	3	3	-1	2	0	0	0	0	0	0	0	2.072779465828	0.000000000000
5	5	3	3	-1	2	1	0	0	0	0	0	0	1.657841750202	0.000000000000
5	5	3	3	0	-2	0	0	0	0	0	0	0	1.760972745880	0.000000000000
5	5	3	3	0	-2	1	0	0	0	0	0	0	2.030726673348	0.000000000000
5	5	3	3	0	-2	2	0	0	0	0	0	0	1.815870264592	0.000000000000
5	5	3	3	0	-1	-1	0	0	0	0	0	0	2.008639281436	0.000000000000
5	5	3	3	0	-1	0	0	0	0	0	0	0	3.442052863304	0.000000000000
5	5	3	3	0	-1	1	0	0	0	0	0	0	3.528366431969	0.000000000000
5	5	3	3	0	-1	2	0	0	0	0	0	0	2.152044719966	0.000000000000
5	5	3	3	0	0	-2	0	0	0	0	0	0	1.760325370600	0.000000000000
5	5	3	3	0	0	-1	0	0	0	0	0	0	3.441164790336	0.000000000000
5	5	3	3	0	0	0	0	0	0	0	0	0	20.235221274989	0.000000000000
5	5	3	3	0	0	1	0	0	0	0	0	0	4.077953177871	0.000000000000
5	5	3	3	0	0	2	0	0	0	0	0	0	1.929896650652	0.000000000000
5	5	3	3	0	1	-2	0	0	0	0	0	0	2.028592132757	0.000000000000
5	5	3	3	0	1	-1	0	0	0	0	0	0	3.516620233974	0.000000000000
5	5	3	3	0	1	0	0	0	0	0	0	0	4.059176210715	0.000000000000
5	5	3	3	0	1	1	0	0	0	0	0	0	2.262440403983	0.000000000000
5	5	3	3	0	2	-2	0	0	0	0	0	0	1.813900129437	0.000000000000
5	5	3	3	0	2	-1	0	0	0	0	0	0	2.149292368338	0.000000000000
5	5	3	3	0	2	0	0	0	0	0	0	0	1.927958976605	0.000000000000
5	5	3	3	1	-2	0	0	0	0	0	0	0	2.113758798130	0.000000000000
5	5	3	3	1	-2	1	0	0	0	0	0	0	2.186174165237	0.000000000000
5	5	3	3	1	-2	2	0	0	0	0	0	0	1.725707584741	0.000000000000
5	5	3	3	1	-1	-1	0	0	0	0	0	0	2.576891947210	0.000000000000
5	5	3	3	1	-1	0	0	0	0	0	0	0	4.434474038176	0.000000000000
5	5	3	3	1	-1	1	0	0	0	0	0	0	2.973231906774	0.000000000000
5	5	3	3	1	-1	2	0	0	0	0	0	0	1.785655890953	0.000000000000
5	5	3	3	1	0	-2	0	0	0	0	0	0	2.112976558879	0.000000000000
5	5	3	3	1	0	-1	0	0	0	0	0	0	4.446060561987	0.000000000000
5	5	3	3	1	0	0	0	0	0	0	0	0	10.325824115301	0.000000000000
5	5	3	3	1	0	1	0	0	0	0	0	0	2.523522832327	0.000000000000
5	5	3	3	1	1	-2	0	0	0	0	0	0	2.182697391108	0.000000000000
5	5	3	3	1	1	-1	0	0	0	0	0	0	2.969747548024	0.000000000000
5	5	3	3	1	1	0	0	0	0	0	0	0	2.522116333751	0.000000000000
5	5	3	3	1	2	-2	0	0	0	0	0	0	1.723990000064	0.000000000000
5	5	3	3	1	2	-1	0	0	0	0	0	0	1.784217954017	0.000000000000
5	5	3	3	2	-2	-1	0	0	0	0	0	0	1.702932785537	0.000000000000
5	5	3	3	2	-2	0	0	0	0	0	0	0	2.000454193031	0.000000000000
5	5	3	3	2	-2	1	0	0	0	0	0	0	1.813091674575	0.000000000000
5	5	3	3	2	-1	-2	0	0	0	0	0	0	1.702514426783	0.000000000000
5	5	3	3	2	-1	-1	0	0	0	0	0	0	2.370234959714	0.000000000000
5	5	3	3	2	-1	0	0	0	0	0	0	0	2.674275220742	0.000000000000
5	5	3	3	2	-1	1	0	0	0	0	0	0	1.907885874851	0.000000000000
5	5	3	3	2	0	-2	0	0	0	0	0	0	1.998934175571	0.000000000000
5	5	3	3	2	0	-1	0	0	0	0	0	0	2.669623140243	0.000000000000
5	5	3	3	2	0	0	0	0	0	0	0	0	2.429695178094	0.000000000000
5	5	3	3	2	1	-2	0	0	0	0	0	0	1.811966223490	0.000000000000
5	5	3	3	2	1	-1	0	0	0	0	0	0	1.907309357343	0.000000000000
5	5	3	3	3	-1	-1	0	0	0	0	0	0	1.715600472322	0.000000000000
5	5	4	4	-1	-1	0	0	0	0	0	0	0	1.783664146820	0.000000000000
5	5	4	4	-1	-1	1	0	0	0	0	0	0	1.907760224485	0.000000000000
5	5	4	4	-1	0	-1	0	0	0	0	0	0	1.930885685687	0.000000000000
5	5	4	4	-1	0	0	0	0	0	0	0	0	2.627542289258	0.000000000000
5	5	4	4	-1	0	1	0	0	0	0	0	0	2.301000646168	0.000000000000
5	5	4	4	-1	0	2	0	0	0	0	0	0	1.658309152918	0.000000000000
5	5	4	4	-1	1	-1	0	0	0	0	0	0	2.248782492718	0.000000000000
5	5	4	4	-1	1	0	0	0	0	0	0	0	2.504638903620	0.000000000000
5	5	4	4	-1	1	1	0	0	0	0	0	0	1.959462059774	0.000000000000
5	5	4	4	-1	2	-1	0	0	0	0	0	0	1.911367127968	0.000000000000
5	5	4	4	-1	2	0	0	0	0	0	0	0	1.825301533937	0.000000000000
5	5	4	4	0	-2	0	0	0	0	0	0	0	1.698133472327	0.000000000000
5	5	4	4	0	-2	1	0	0	0	0	0	0	1.822446128497	0.000000000000
5	5	4	4	0	-1	-1	0	0	0	0	0	0	2.081294356360	0.000000000000
5	5	4	4	0	-1	0	0	0	0	0	0	0	3.011489344040	0.000000000000
5	5	4	4	0	-1	1	0	0	0	0	0	0	2.657976889281	0.000000000000
5	5	4	4	0	-1	2	0	0	0	0	0	0	1.798464082401	0.000000000000
5	5	4	4	0	0	-2	0	0	0	0	0	0	1.945907996045	0.000000000000
5	5	4	4	0	0	-1	0	0	0	0	0	0	4.506323631069	0.000000000000
5	5	4	4	0	0	0	0	0	0	0	0	0	7.497211829680	0.000000000000
5	5	4	4	0	0	1	0	0	0	0	0	0	2.830822020711	0.000000000000
5	5	4	4	0	0	2	0	0	0	0	0	0	1.658298348656	0.000000000000
5	5	4	4	0	1	-2	0	0	0	0	0	0	2.303156151436	0.000000000000
5	5	4	4	0	1	-1	0	0	0	0	0	0	3.858244721441	0.000000000000
5	5	4	4	0	1	0	0	0	0	0	0	0	3.225737173655	0.000000000000
5	5	4	4	0	1	1	0	0	0	0	0	0	1.959450311693	0.000000000000
5	5	4	4	0	2	-2	0	0	0	0	0	0	1.984219570973	0.000000000000
5	5	4	4	0	2	-1	0	0	0	0	0	0	2.187295348254	0.000000000000
5	5	4	4	0	2	0	0	0	0	0	0	0	1.825290297708	0.000000000000
5	5	4	4	1	-2	-1	0	0	0	0	0	0	1.729374150766	0.000000000000
5	5	4	4	1	-2	0	0	0	0	0	0	0	2.151979627929	0.000000000000
5	5	4	4	1	-2	1	0	0	0	0	0	0	2.071157191781	0.000000000000
5	5	4	4	1	-1	-2	0	0	0	0	0	0	1.841877550260	0.000000000000
5	5	4	4	1	-1	-1	0	0	0	0	0	0	3.136337227877	0.000000000000
5	5	4	4	1	-1	0	0	0	0	0	0	0	4.735613098885	0.000000000000
5	5	4	4	1	-1	1	0	0	0	0	0	0	2.657962884574	0.000000000000
5	5	4	4	1	0	-2	0	0	0	0	0	0	2.750576999012	0.000000000000
5	5	4	4	1	0	-1	0	0	0	0	0	0	11.119017184891	0.000000000000
5	5	4	4	1	0	0	0	0	0	0	0	0	7.497145409377	0.000000000000
5	5	4	4	1	0	1	0	0	0	0	0	0	2.300975598935	0.000000000000
5	5	4	4	1	1	-3	0	0	0	0	0	0	1.773484301389	0.000000000000
5	5	4	4	1	1	-2	0	0	0	0	0	0	2.873785788646	0.000000000000
5	5	4	4	1	1	-1	0	0	0	0	0	0	3.858218934853	0.000000000000
5	5	4	4	1	1	0	0	0	0	0	0	0	2.504612063846	0.000000000000
5	5	4	4	1	2	-2	0	0	0	0	0	0	1.984208590635	0.000000000000
5	5	4	4	1	2	-1	0	0	0	0	0	0	1.911345291502	0.000000000000
5	5	4	4	2	-2	-1	0	0	0	0	0	0	1.926726276203	0.000000000000
5	5	4	4	2	-2	0	0	0	0	0	0	0	2.151968744481	0.000000000000
5	5	4	4	2	-2	1	0	0	0	0	0	0	1.822426136245	0.000000000000
5	5	4	4	2	-1	-2	0	0	0	0	0	0	2.084527821380	0.000000000000
5	5	4	4	2	-1	-1	0	0	0	0	0	0	3.136322639474	0.000000000000
5	5	4	4	2	-1	0	0	0	0	0	0	0	3.011462081143	0.000000000000
5	5	4	4	2	-1	1	0	0	0	0	0	0	1.907728470728	0.000000000000
5	5	4	4	2	0	-3	0	0	0	0	0	0	1.731009578511	0.000000000000
5	5	4	4	2	0	-2	0	0	0	0	0	0	2.750563949901	0.000000000000
5	5	4	4	2	0	-1	0	0	0	0	0	0	4.506288940955	0.000000000000
5	5	4	4	2	0	0	0	0	0	0	0	0	2.627502285589	0.000000000000
5	5	4	4	2	1	-3	0	0	0	0	0	0	1.773474200833	0.000000000000
5	5	4	4	2	1	-2	0	0	0	0	0	0	2.303133679759	0.000000000000
5	5	4	4	2	1	-1	0	0	0	0	0	0	2.248747903078	0.000000000000
5	5	4	4	3	-2	-1	0	0	0	0	0	0	1.729353075008	0.000000000000
5	5	4	4	3	-2	0	0	0	0	0	0	0	1.698103019245	0.000000000000
5	5	4	4	3	-1	-2	0	0	0	0	0	0	1.841856042413	0.000000000000
5	5	4	4	3	-1	-1	0	0	0	0	0	0	2.081261507392	0.000000000000
5	5	4	4	3	-1	0	0	0	0	0	0	0	1.783622249960	0.000000000000
5	5	4	4	3	0	-2	0	0	0	0	0	0	1.945876013024	0.000000000000
5	5	4	4	3	0	-1	0	0	0	0	0	0	1.930842558365	0.000000000000
6	6	1	1	-2	-1	1	0	0	0	0	0	0	1.725804821369	0.000000000000
6	6	1	1	-2	-1	2	0	0	0	0	0	0	1.786456791478	0.000000000000
6	6	1	1	-2	0	0	0	0	0	0	0	0	1.814335011459	0.000000000000
6	6	1	1	-2	0	1	0	0	0	0	0	0	2.151083589551	0.000000000000
6	6	1	1	-2	0	2	0	0	0	0	0	0	1.930189856270	0.000000000000
6	6	1	1	-2	1	0	0	0	0	0	0	0	2.014810436679	0.000000000000
6	6	1	1	-2	1	1	0	0	0	0	0	0	2.073561773566	0.000000000000
6	6	1	1	-2	1	2	0	0	0	0	0	0	1.658415388558	0.000000000000
6	6	1	1	-2	2	0	0	0	0	0	0	0	1.750456285678	0.000000000000
6	6	1	1	-1	-2	1	0	0	0	0	0	0	1.814376474827	0.000000000000
6	6	1	1	-1	-2	2	0	0	0	0	0	0	1.910655796347	0.000000000000
6	6	1	1	-1	-1	0	0	0	0	0	0	0	2.184754538504	0.000000000000
6	6	1	1	-1	-1	1	0	0	0	0	0	0	2.975614286966	0.000000000000
6	6	1	1	-1	-1	2	0	0	0	0	0	0	2.525478045129	0.000000000000
6	6	1	1	-1	0	-1	0	0	0	0	0	0	2.028128640872	0.000000000000
6	6	1	1	-1	0	0	0	0	0	0	0	0	3.516987602470	0.000000000000
6	6	1	1	-1	0	1	0	0	0	0	0	0	4.067945653569	0.000000000000
6	6	1	1	-1	0	2	0	0	0	0	0	0	2.262798088606	0.000000000000
6	6	1	1	-1	1	-1	0	0	0	0	0	0	2.382590989036	0.000000000000
6	6	1	1	-1	1	0	0	0	0	0	0	0	3.436481338984	0.000000000000
6	6	1	1	-1	1	1	0	0	0	0	0	0	2.500100189972	0.000000000000
6	6	1	1	-1	1	2	0	0	0	0	0	0	1.658405674992	0.000000000000
6	6	1	1	-1	2	-1	0	0	0	0	0	0	1.993909193136	0.000000000000
6	6	1	1	-1	2	0	0	0	0	0	0	0	1.984653036450	0.000000000000
6	6	1	1	0	-2	0	0	0	0	0	0	0	2.001587366197	0.000000000000
6	6	1	1	0	-2	1	0	0	0	0	0	0	2.677287165623	0.000000000000
6	6	1	1	0	-2	2	0	0	0	0	0	0	2.436333834610	0.000000000000
6	6	1	1	0	-1	-1	0	0	0	0	0	0	2.112425592920	0.000000000000
6	6	1	1	0	-1	0	0	0	0	0	0	0	4.435381637000	0.000000000000
6	6	1	1	0	-1	1	0	0	0	0	0	0	10.459796569085	0.000000000000
6	6	1	1	0	-1	2	0	0	0	0	0	0	2.525476382882	0.000000000000
6	6	1	1	0	0	-2	0	0	0	0	0	0	1.758665134685	0.000000000000
6	6	1	1	0	0	-1	0	0	0	0	0	0	3.435836261448	0.000000000000
6	6	1	1	0	0	0	0	0	0	0	0	0	20.153032797981	0.000000000000
6	6	1	1	0	0	1	0	0	0	0	0	0	4.067598703043	0.000000000000
6	6	1	1	0	0	2	0	0	0	0	0	0	1.930159600602	0.000000000000
6	6	1	1	0	1	-2	0	0	0	0	0	0	1.995651213143	0.000000000000
6	6	1	1	0	1	-1	0	0	0	0	0	0	4.250971039593	0.000000000000
6	6	1	1	0	1	0	0	0	0	0	0	0	3.436311707917	0.000000000000
6	6	1	1	0	1	1	0	0	0	0	0	0	2.073508905510	0.000000000000
6	6	1	1	0	2	-2	0	0	0	0	0	0	1.819628701153	0.000000000000
6	6	1	1	0	2	-1	0	0	0	0	0	0	1.993890361350	0.000000000000
6	6	1	1	0	2	0	0	0	0	0	0	0	1.750431026553	0.000000000000
6	6	1	1	1	-3	1	0	0	0	0	0	0	1.717830056485	0.000000000000
6	6	1	1	1	-2	-1	0	0	0	0	0	0	1.703000361747	0.000000000000
6	6	1	1	1	-2	0	0	0	0	0	0	0	2.371977494770	0.000000000000
6	6	1	1	1	-2	1	0	0	0	0	0	0	2.677301853115	0.000000000000
6	6	1	1	1	-2	2	0	0	0	0	0	0	1.910650609370	0.000000000000
6	6	1	1	1	-1	-1	0	0	0	0	0	0	2.576718796981	0.000000000000
6	6	1	1	1	-1	0	0	0	0	0	0	0	4.435541314602	0.000000000000
6	6	1	1	1	-1	1	0	0	0	0	0	0	2.975544781625	0.000000000000
6	6	1	1	1	-1	2	0	0	0	0	0	0	1.786435022319	0.000000000000
6	6	1	1	1	0	-2	0	0	0	0	0	0	2.006426238933	0.000000000000
6	6	1	1	1	0	-1	0	0	0	0	0	0	3.435643275019	0.000000000000
6	6	1	1	1	0	0	0	0	0	0	0	0	3.516642984175	0.000000000000
6	6	1	1	1	0	1	0	0	0	0	0	0	2.151008063339	0.000000000000
6	6	1	1	1	1	-2	0	0	0	0	0	0	1.995630133984	0.000000000000
6	6	1	1	1	1	-1	0	0	0	0	0	0	2.382517221315	0.000000000000
6	6	1	1	1	1	0	0	0	0	0	0	0	2.014745331295	0.000000000000
6	6	1	1	2	-2	-1	0	0	0	0	0	0	1.702996992595	0.000000000000
6	6	1	1	2	-2	0	0	0	0	0	0	0	2.001577674372	0.000000000000
6	6	1	1	2	-2	1	0	0	0	0	0	0	1.814363549614	0.000000000000
6	6	1	1	2	-1	-1	0	0	0	0	0	0	2.112392497393	0.000000000000
6	6	1	1	2	-1	0	0	0	0	0	0	0	2.184700303244	0.000000000000
6	6	1	1	2	-1	1	0	0	0	0	0	0	1.725776156604	0.000000000000
6	6	1	1	2	0	-2	0	0	0	0	0	0	1.758644521326	0.000000000000
6	6	1	1	2	0	-1	0	0	0	0	0	0	2.028074704085	0.000000000000
6	6	1	1	2	0	0	0	0	0	0	0	0	1.814287802801	0.000000000000
6	6	2	2	-2	0	1	0	0	0	0	0	0	1.986030967424	0.000000000000
6	6	2	2	-2	0	2	0	0	0	0	0	0	1.913519076759	0.000000000000
6	6	2	2	-2	1	0	0	0	0	0	0	0	1.983788032957	0.000000000000
6	6	2	2	-2	1	1	0	0	0	0	0	0	2.189804783194	0.000000000000
6	6	2	2	-2	1	2	0	0	0	0	0	0	1.826690811867	0.000000000000
6	6	2	2	-2	2	0	0	0	0	0	0	0	1.910805636465	0.000000000000
6	6	2	2	-2	2	1	0	0	0	0	0	0	1.825600218423	0.000000000000
6	6	2	2	-1	-1	0	0	0	0	0	0	0	1.774923537140	0.000000000000
6	6	2	2	-1	-1	1	0	0	0	0	0	0	2.306751595264	0.000000000000
6	6	2	2	-1	-1	2	0	0	0	0	0	0	2.253428034065	0.000000000000
6	6	2	2	-1	0	-1	0	0	0	0	0	0	1.773425243442	0.000000000000
6	6	2	2	-1	0	0	0	0	0	0	0	0	2.878495255025	0.000000000000
6	6	2	2	-1	0	1	0	0	0	0	0	0	3.868221396815	0.000000000000
6	6	2	2	-1	0	2	0	0	0	0	0	0	2.505785981748	0.000000000000
6	6	2	2	-1	1	-1	0	0	0	0	0	0	2.300775040456	0.000000000000
6	6	2	2	-1	1	0	0	0	0	0	0	0	3.860396119246	0.000000000000
6	6	2	2	-1	1	1	0	0	0	0	0	0	3.230688562134	0.000000000000
6	6	2	2	-1	1	2	0	0	0	0	0	0	1.959801248138	0.000000000000
6	6	2	2	-1	2	-1	0	0	0	0	0	0	2.245150949639	0.000000000000
6	6	2	2	-1	2	0	0	0	0	0	0	0	2.504461177352	0.000000000000
6	6	2	2	-1	2	1	0	0	0	0	0	0	1.959199827688	0.000000000000
6	6	2	2	0	-2	1	0	0	0	0	0	0	1.949314550821	0.000000000000
6	6	2	2	0	-2	2	0	0	0	0	0	0	1.934837623871	0.000000000000
6	6	2	2	0	-1	-1	0	0	0	0	0	0	1.731238669057	0.000000000000
6	6	2	2	0	-1	0	0	0	0	0	0	0	2.753680001992	0.000000000000
6	6	2	2	0	-1	1	0	0	0	0	0	0	4.545114684664	0.000000000000
6	6	2	2	0	-1	2	0	0	0	0	0	0	2.635151966155	0.000000000000
6	6	2	2	0	0	-1	0	0	0	0	0	0	2.748797843537	0.000000000000
6	6	2	2	0	0	0	0	0	0	0	0	0	11.131851762724	0.000000000000
6	6	2	2	0	0	1	0	0	0	0	0	0	7.504259986531	0.000000000000
6	6	2	2	0	0	2	0	0	0	0	0	0	2.301585022557	0.000000000000
6	6	2	2	0	1	-2	0	0	0	0	0	0	1.943983626026	0.000000000000
6	6	2	2	0	1	-1	0	0	0	0	0	0	4.467215985562	0.000000000000
6	6	2	2	0	1	0	0	0	0	0	0	0	7.490188346784	0.000000000000
6	6	2	2	0	1	1	0	0	0	0	0	0	2.825093360318	0.000000000000
6	6	2	2	0	1	2	0	0	0	0	0	0	1.658005356166	0.000000000000
6	6	2	2	0	2	-2	0	0	0	0	0	0	1.926627860354	0.000000000000
6	6	2	2	0	2	-1	0	0	0	0	0	0	2.619333242282	0.000000000000
6	6	2	2	0	2	0	0	0	0	0	0	0	2.298206742875	0.000000000000
6	6	2	2	0	2	1	0	0	0	0	0	0	1.656922844164	0.000000000000
6	6	2	2	1	-2	0	0	0	0	0	0	0	1.843562330586	0.000000000000
6	6	2	2	1	-2	1	0	0	0	0	0	0	2.083724946941	0.000000000000
6	6	2	2	1	-2	2	0	0	0	0	0	0	1.786816384315	0.000000000000
6	6	2	2	1	-1	-1	0	0	0	0	0	0	2.084568208002	0.000000000000
6	6	2	2	1	-1	0	0	0	0	0	0	0	3.137646353848	0.000000000000
6	6	2	2	1	-1	1	0	0	0	0	0	0	3.017804926737	0.000000000000
6	6	2	2	1	-1	2	0	0	0	0	0	0	1.909602657868	0.000000000000
6	6	2	2	1	0	-2	0	0	0	0	0	0	1.840279401756	0.000000000000
6	6	2	2	1	0	-1	0	0	0	0	0	0	3.135300649566	0.000000000000
6	6	2	2	1	0	0	0	0	0	0	0	0	4.716273617408	0.000000000000
6	6	2	2	1	0	1	0	0	0	0	0	0	2.659176498370	0.000000000000
6	6	2	2	1	1	-2	0	0	0	0	0	0	2.077754921224	0.000000000000
6	6	2	2	1	1	-1	0	0	0	0	0	0	3.005364995007	0.000000000000
6	6	2	2	1	1	0	0	0	0	0	0	0	2.653440166978	0.000000000000
6	6	2	2	1	1	1	0	0	0	0	0	0	1.797033896834	0.000000000000
6	6	2	2	1	2	-2	0	0	0	0	0	0	1.780499010507	0.000000000000
6	6	2	2	1	2	-1	0	0	0	0	0	0	1.904517800298	0.000000000000
6	6	2	2	2	-2	0	0	0	0	0	0	0	1.730527769332	0.000000000000
6	6	2	2	2	-2	1	0	0	0	0	0	0	1.699719217309	0.000000000000
6	6	2	2	2	-1	-1	0	0	0	0	0	0	1.926379785992	0.000000000000
6	6	2	2	2	-1	0	0	0	0	0	0	0	2.152204083121	0.000000000000
6	6	2	2	2	-1	1	0	0	0	0	0	0	1.823128210873	0.000000000000
6	6	2	2	2	0	-2	0	0	0	0	0	0	1.727524992754	0.000000000000
6	6	2	2	2	0	-1	0	0	0	0	0	0	2.149343248211	0.000000000000
6	6	2	2	2	0	0	0	0	0	0	0	0	2.069427872550	0.000000000000
6	6	2	2	2	1	-2	0	0	0	0	0	0	1.695862009370	0.000000000000
6	6	2	2	2	1	-1	0	0	0	0	0	0	1.819931102780	0.000000000000
6	6	3	3	-3	1	1	0	0	0	0	0	0	1.797079078305	0.000000000000
6	6	3	3	-3	1	2	0	0	0	0	0	0	1.658026336516	0.000000000000
6	6	3	3	-3	2	1	0	0	0	0	0	0	1.656946777471	0.000000000000
6	6	3	3	-2	-1	1	0	0	0	0	0	0	1.823149067420	0.000000000000
6	6	3	3	-2	-1	2	0	0	0	0	0	0	1.909614583179	0.000000000000
6	6	3	3	-2	0	0	0	0	0	0	0	0	2.069488287173	0.000000000000
6	6	3	3	-2	0	1	0	0	0	0	0	0	2.659289638948	0.000000000000
6	6	3	3	-2	0	2	0	0	0	0	0	0	2.301618796415	0.000000000000
6	6	3	3	-2	1	-1	0	0	0	0	0	0	1.819973695095	0.000000000000
6	6	3	3	-2	1	0	0	0	0	0	0	0	2.653588578564	0.000000000000
6	6	3	3	-2	1	1	0	0	0	0	0	0	2.825223406425	0.000000000000
6	6	3	3	-2	1	2	0	0	0	0	0	0	1.959808160645	0.000000000000
6	6	3	3	-2	2	-1	0	0	0	0	0	0	1.904557002136	0.000000000000
6	6	3	3	-2	2	0	0	0	0	0	0	0	2.298257865540	0.000000000000
6	6	3	3	-2	2	1	0	0	0	0	0	0	1.959207795946	0.000000000000
6	6	3	3	-1	-2	1	0	0	0	0	0	0	1.699723083423	0.000000000000
6	6	3	3	-1	-2	2	0	0	0	0	0	0	1.786816622413	0.000000000000
6	6	3	3	-1	-1	0	0	0	0	0	0	0	2.152228932727	0.000000000000
6	6	3	3	-1	-1	1	0	0	0	0	0	0	3.017779283599	0.000000000000
6	6	3	3	-1	-1	2	0	0	0	0	0	0	2.635139584352	0.000000000000
6	6	3	3	-1	0	-1	0	0	0	0	0	0	2.149391731141	0.000000000000
6	6	3	3	-1	0	0	0	0	0	0	0	0	4.716706981618	0.000000000000
6	6	3	3	-1	0	1	0	0	0	0	0	0	7.504290640276	0.000000000000
6	6	3	3	-1	0	2	0	0	0	0	0	0	2.505772331638	0.000000000000
6	6	3	3	-1	1	-2	0	0	0	0	0	0	1.695884240640	0.000000000000
6	6	3	3	-1	1	-1	0	0	0	0	0	0	3.005494075319	0.000000000000
6	6	3	3	-1	1	0	0	0	0	0	0	0	7.490790299205	0.000000000000
6	6	3	3	-1	1	1	0	0	0	0	0	0	3.230590990493	0.000000000000
6	6	3	3	-1	1	2	0	0	0	0	0	0	1.826669096182	0.000000000000
6	6	3	3	-1	2	-2	0	0	0	0	0	0	1.780515702850	0.000000000000
6	6	3	3	-1	2	-1	0	0	0	0	0	0	2.619348386895	0.000000000000
6	6	3	3	-1	2	0	0	0	0	0	0	0	2.504431632818	0.000000000000
6	6	3	3	-1	2	1	0	0	0	0	0	0	1.825575268752	0.000000000000
6	6	3	3	0	-2	0	0	0	0	0	0	0	1.730529987958	0.000000000000
6	6	3	3	0	-2	1	0	0	0	0	0	0	2.083725558834	0.000000000000
6	6	3	3	0	-2	2	0	0	0	0	0	0	1.934837304395	0.000000000000
6	6	3	3	0	-1	-1	0	0	0	0	0	0	1.926392047178	0.000000000000
6	6	3	3	0	-1	0	0	0	0	0	0	0	3.137628975585	0.000000000000
6	6	3	3	0	-1	1	0	0	0	0	0	0	4.545284262570	0.000000000000
6	6	3	3	0	-1	2	0	0	0	0	0	0	2.253427142690	0.000000000000
6	6	3	3	0	0	-2	0	0	0	0	0	0	1.727538097808	0.000000000000
6	6	3	3	0	0	-1	0	0	0	0	0	0	3.135371521277	0.000000000000
6	6	3	3	0	0	0	0	0	0	0	0	0	11.130892550035	0.000000000000
6	6	3	3	0	0	1	0	0	0	0	0	0	3.868048291925	0.000000000000
6	6	3	3	0	0	2	0	0	0	0	0	0	1.913488682227	0.000000000000
6	6	3	3	0	1	-2	0	0	0	0	0	0	2.077767933732	0.000000000000
6	6	3	3	0	1	-1	0	0	0	0	0	0	4.467095806895	0.000000000000
6	6	3	3	0	1	0	0	0	0	0	0	0	3.860030530721	0.000000000000
6	6	3	3	0	1	1	0	0	0	0	0	0	2.189729724022	0.000000000000
6	6	3	3	0	2	-2	0	0	0	0	0	0	1.926620449827	0.000000000000
6	6	3	3	0	2	-1	0	0	0	0	0	0	2.245109533408	0.000000000000
6	6	3	3	0	2	0	0	0	0	0	0	0	1.910760646447	0.000000000000
6	6	3	3	1	-2	0	0	0	0	0	0	0	1.843560426125	0.000000000000
6	6	3	3	1	-2	1	0	0	0	0	0	0	1.949311067645	0.000000000000
6	6	3	3	1	-1	-1	0	0	0	0	0	0	2.084562910994	0.000000000000
6	6	3	3	1	-1	0	0	0	0	0	0	0	2.753677740115	0.000000000000
6	6	3	3	1	-1	1	0	0	0	0	0	0	2.306728800879	0.000000000000
6	6	3	3	1	0	-2	0	0	0	0	0	0	1.840273963880	0.000000000000
6	6	3	3	1	0	-1	0	0	0	0	0	0	2.748715547726	0.000000000000
6	6	3	3	1	0	0	0	0	0	0	0	0	2.878325640420	0.000000000000
6	6	3	3	1	0	1	0	0	0	0	0	0	1.985974860522	0.000000000000
6	6	3	3	1	1	-2	0	0	0	0	0	0	1.943956949451	0.000000000000
6	6	3	3	1	1	-1	0	0	0	0	0	0	2.300695839975	0.000000000000
6	6	3	3	1	1	0	0	0	0	0	0	0	1.983720977814	0.000000000000
6	6	3	3	2	-1	-1	0	0	0	0	0	0	1.731224776423	0.000000000000
6	6	3	3	2	-1	0	0	0	0	0	0	0	1.774900782401	0.000000000000
6	6	3	3	2	0	-1	0	0	0	0	0	0	1.773392401235	0.000000000000
6	6	4	4	-2	0	0	0	0	0	0	0	0	1.815298919291	0.000000000000
6	6	4	4	-2	0	1	0	0	0	0	0	0	2.017534966297	0.000000000000
6	6	4	4	-2	0	2	0	0	0	0	0	0	1.752964388614	0.000000000000
6	6	4	4	-2	1	-1	0	0	0	0	0	0	1.723778241860	0.000000000000
6	6	4	4	-2	1	0	0	0	0	0	0	0	2.149918027063	0.000000000000
6	6	4	4	-2	1	1	0	0	0	0	0	0	2.075801507424	0.000000000000
6	6	4	4	-2	2	-1	0	0	0	0	0	0	1.783316820725	0.000000000000
6	6	4	4	-2	2	0	0	0	0	0	0	0	1.927754777304	0.000000000000
6	6	4	4	-2	2	1	0	0	0	0	0	0	1.658128876976	0.000000000000
6	6	4	4	-1	-1	0	0	0	0	0	0	0	2.031001116365	0.000000000000
6	6	4	4	-1	-1	1	0	0	0	0	0	0	2.390570833398	0.000000000000
6	6	4	4	-1	-1	2	0	0	0	0	0	0	2.000085990358	0.000000000000
6	6	4	4	-1	0	-1	0	0	0	0	0	0	2.183716338884	0.000000000000
6	6	4	4	-1	0	0	0	0	0	0	0	0	3.526632158686	0.000000000000
6	6	4	4	-1	0	1	0	0	0	0	0	0	3.434644484972	0.000000000000
6	6	4	4	-1	0	2	0	0	0	0	0	0	1.986800630953	0.000000000000
6	6	4	4	-1	1	-2	0	0	0	0	0	0	1.810622353758	0.000000000000
6	6	4	4	-1	1	-1	0	0	0	0	0	0	2.967153685916	0.000000000000
6	6	4	4	-1	1	0	0	0	0	0	0	0	4.068270500837	0.000000000000
6	6	4	4	-1	1	1	0	0	0	0	0	0	2.498571336953	0.000000000000
6	6	4	4	-1	2	-2	0	0	0	0	0	0	1.904556533388	0.000000000000
6	6	4	4	-1	2	-1	0	0	0	0	0	0	2.520221597591	0.000000000000
6	6	4	4	-1	2	0	0	0	0	0	0	0	2.262086100587	0.000000000000
6	6	4	4	-1	2	1	0	0	0	0	0	0	1.658118537845	0.000000000000
6	6	4	4	0	-2	0	0	0	0	0	0	0	1.762617989080	0.000000000000
6	6	4	4	0	-2	1	0	0	0	0	0	0	2.003474005054	0.000000000000
6	6	4	4	0	-2	2	0	0	0	0	0	0	1.825277763076	0.000000000000
6	6	4	4	0	-1	-1	0	0	0	0	0	0	2.114314528979	0.000000000000
6	6	4	4	0	-1	0	0	0	0	0	0	0	3.447864676470	0.000000000000
6	6	4	4	0	-1	1	0	0	0	0	0	0	4.318376790513	0.000000000000
6	6	4	4	0	-1	2	0	0	0	0	0	0	2.000086024405	0.000000000000
6	6	4	4	0	0	-2	0	0	0	0	0	0	1.997913981954	0.000000000000
6	6	4	4	0	0	-1	0	0	0	0	0	0	4.444279736933	0.000000000000
6	6	4	4	0	0	0	0	0	0	0	0	0	20.323800870757	0.000000000000
6	6	4	4	0	0	1	0	0	0	0	0	0	3.434586538189	0.000000000000
6	6	4	4	0	0	2	0	0	0	0	0	0	1.752950726317	0.000000000000
6	6	4	4	0	1	-2	0	0	0	0	0	0	2.666819522506	0.000000000000
6	6	4	4	0	1	-1	0	0	0	0	0	0	10.194693402489	0.000000000000
6	6	4	4	0	1	0	0	0	0	0	0	0	4.067876883209	0.000000000000
6	6	4	4	0	1	1	0	0	0	0	0	0	2.075752071870	0.000000000000
6	6	4	4	0	2	-2	0	0	0	0	0	0	2.423059444866	0.000000000000
6	6	4	4	0	2	-1	0	0	0	0	0	0	2.520174914339	0.000000000000
6	6	4	4	0	2	0	0	0	0	0	0	0	1.927715777782	0.000000000000
6	6	4	4	1	-2	0	0	0	0	0	0	0	2.010943478655	0.000000000000
6	6	4	4	1	-2	1	0	0	0	0	0	0	2.003473880409	0.000000000000
6	6	4	4	1	-1	-2	0	0	0	0	0	0	1.702388167609	0.000000000000
6	6	4	4	1	-1	-1	0	0	0	0	0	0	2.576496827783	0.000000000000
6	6	4	4	1	-1	0	0	0	0	0	0	0	3.447920897217	0.000000000000
6	6	4	4	1	-1	1	0	0	0	0	0	0	2.390558964712	0.000000000000
6	6	4	4	1	0	-2	0	0	0	0	0	0	2.368938021108	0.000000000000
6	6	4	4	1	0	-1	0	0	0	0	0	0	4.444216960507	0.000000000000
6	6	4	4	1	0	0	0	0	0	0	0	0	3.526302687372	0.000000000000
6	6	4	4	1	0	1	0	0	0	0	0	0	2.017485783579	0.000000000000
6	6	4	4	1	1	-3	0	0	0	0	0	0	1.713418313524	0.000000000000
6	6	4	4	1	1	-2	0	0	0	0	0	0	2.666747755467	0.000000000000
6	6	4	4	1	1	-1	0	0	0	0	0	0	2.966981092864	0.000000000000
6	6	4	4	1	1	0	0	0	0	0	0	0	2.149835705563	0.000000000000
6	6	4	4	1	2	-2	0	0	0	0	0	0	1.904524328184	0.000000000000
6	6	4	4	1	2	-1	0	0	0	0	0	0	1.783278048813	0.000000000000
6	6	4	4	2	-2	0	0	0	0	0	0	0	1.762613718849	0.000000000000
6	6	4	4	2	-1	-2	0	0	0	0	0	0	1.702383075413	0.000000000000
6	6	4	4	2	-1	-1	0	0	0	0	0	0	2.114297138779	0.000000000000
6	6	4	4	2	-1	0	0	0	0	0	0	0	2.030972940622	0.000000000000
6	6	4	4	2	0	-2	0	0	0	0	0	0	1.997880531174	0.000000000000
6	6	4	4	2	0	-1	0	0	0	0	0	0	2.183651958178	0.000000000000
6	6	4	4	2	0	0	0	0	0	0	0	0	1.815255755253	0.000000000000
6	6	4	4	2	1	-2	0	0	0	0	0	0	1.810584905753	0.000000000000
6	6	4	4	2	1	-1	0	0	0	0	0	0	1.723737985412	0.000000000000
