48	0.000000000000	1.000000000000
# Coulomb Matrix Elements in units of eV
# local field effects, only values >= 0.001000eV
#c1	c2	v1	v2	RD (dummy for LFE)	Rc (S1 for LFE)	Rv (S2 for LFE)	Real(W)		Imag(W)
1	1	2	2	0	0	0	0	0	-1	0	0	-1	0.001247394485	0.000000000000
1	1	2	2	0	0	0	0	0	0	0	0	0	0.003360651151	0.000000000000
1	1	2	4	0	0	0	0	0	0	0	0	0	0.001427671937	0.000000000000
1	1	4	2	0	0	0	0	0	0	0	0	0	0.001427671937	0.000000000000
1	1	4	4	0	0	0	0	0	0	0	0	0	0.003403144976	0.000000000000
1	1	4	4	0	0	0	0	0	1	0	0	1	0.001189695681	0.000000000000
1	2	2	3	0	0	0	0	0	0	0	0	0	0.001238848671	0.000000000000
1	6	2	1	0	0	0	0	0	0	0	0	0	0.001238846059	0.000000000000
2	1	3	2	0	0	0	0	0	0	0	0	0	0.001238848671	0.000000000000
2	2	3	3	0	0	0	0	0	0	0	0	0	0.003360653231	0.000000000000
2	2	3	3	0	0	0	1	0	-1	1	0	-1	0.001247400769	0.000000000000
2	2	3	4	0	0	0	0	0	0	0	0	0	0.001427671418	0.000000000000
2	2	4	3	0	0	0	0	0	0	0	0	0	0.001427671418	0.000000000000
2	2	4	4	0	0	0	-1	0	1	-1	0	1	0.001189701868	0.000000000000
2	2	4	4	0	0	0	0	0	0	0	0	0	0.003403140644	0.000000000000
2	6	3	1	0	0	0	0	0	0	0	0	0	0.001238845130	0.000000000000
3	3	1	1	0	0	0	-1	0	0	-1	0	0	0.003381066915	0.000000000000
3	3	1	1	0	0	0	0	-1	0	0	-1	0	0.001218424169	0.000000000000
3	3	1	3	0	0	0	-1	0	0	0	-1	0	0.001425679698	0.000000000000
3	3	3	1	0	0	0	0	-1	0	-1	0	0	0.001425679698	0.000000000000
3	3	3	3	0	0	0	-1	0	0	-1	0	0	0.001218557451	0.000000000000
3	3	3	3	0	0	0	0	-1	0	0	-1	0	0.003380957044	0.000000000000
3	4	3	2	0	0	0	0	-1	0	0	-1	0	0.001239444324	0.000000000000
3	5	1	2	0	0	0	-1	0	0	-1	0	0	0.001239460351	0.000000000000
4	3	2	3	0	0	0	0	-1	0	0	-1	0	0.001239444324	0.000000000000
4	4	1	1	0	0	0	0	-1	0	0	-1	0	0.001218470543	0.000000000000
4	4	1	1	0	0	0	0	0	0	0	0	0	0.003381042423	0.000000000000
4	4	1	2	0	0	0	0	0	0	0	-1	0	0.001425687436	0.000000000000
4	4	2	1	0	0	0	0	-1	0	0	0	0	0.001425687436	0.000000000000
4	4	2	2	0	0	0	0	-1	0	0	-1	0	0.003381003258	0.000000000000
4	4	2	2	0	0	0	0	0	0	0	0	0	0.001218513168	0.000000000000
4	5	1	3	0	0	0	0	0	0	0	0	0	0.001239459118	0.000000000000
5	3	2	1	0	0	0	-1	0	0	-1	0	0	0.001239460351	0.000000000000
5	4	3	1	0	0	0	0	0	0	0	0	0	0.001239459118	0.000000000000
5	5	2	2	0	0	0	-1	0	0	-1	0	0	0.003381007865	0.000000000000
5	5	2	2	0	0	0	0	0	0	0	0	0	0.001218499902	0.000000000000
5	5	2	3	0	0	0	-1	0	0	0	0	0	0.001425691379	0.000000000000
5	5	3	2	0	0	0	0	0	0	-1	0	0	0.001425691379	0.000000000000
5	5	3	3	0	0	0	-1	0	0	-1	0	0	0.001218483345	0.000000000000
5	5	3	3	0	0	0	0	0	0	0	0	0	0.003381034425	0.000000000000
6	1	1	2	0	0	0	0	0	0	0	0	0	0.001238846059	0.000000000000
6	2	1	3	0	0	0	0	0	0	0	0	0	0.001238845130	0.000000000000
6	6	1	1	0	0	0	0	0	0	0	0	0	0.003360597443	0.000000000000
6	6	1	1	0	0	0	0	1	-1	0	1	-1	0.001247478151	0.000000000000
6	6	1	4	0	0	0	0	0	0	0	0	0	0.001427668782	0.000000000000
6	6	4	1	0	0	0	0	0	0	0	0	0	0.001427668782	0.000000000000
6	6	4	4	0	0	0	0	-1	1	0	-1	1	0.001189625687	0.000000000000
6	6	4	4	0	0	0	0	0	0	0	0	0	0.003403195411	0.000000000000
