 30 30 30 y y y
model
 2.715000000000	2.715000000000	0.000000000000	
 0.000000000000	2.715000000000	2.715000000000	
 2.715000000000	0.000000000000	2.715000000000	
4
C
 0.678810974815	2.036239690291	2.036239696932
 0.678810972315	0.678810975137	0.678810971488
 2.036239689427	2.036239691463	0.678810971221
 2.036239691682	0.678810975659	2.036239680443
6
C
 1.367889149423	0.789697745149	1.367714956534
 1.926609859460	1.348594755373	1.367883415730
 2.716644013820	4.857889945721	2.716542654919
 0.569093612613	2.710380417429	2.716583640353
 2.716590829395	2.710377804878	0.569095104046
 1.367768898319	1.348366229576	1.926606947704
