504
l1 	l2 	Dx 	Dy 	Dz 	Real(TI) (eV) 		Imag(TI) (eV)
1	2	0	1	0	-1.2376950000	 0.0000000000
2	1	0	-1	0	-1.2376950000	 -0.0000000000
1	3	-1	1	0	-1.2376950000	 0.0000000000
3	1	1	-1	0	-1.2376950000	 -0.0000000000
1	4	0	1	-1	-1.2376950000	 0.0000000000
4	1	0	-1	1	-1.2376950000	 -0.0000000000
2	3	-1	0	0	-1.2376950000	 0.0000000000
3	2	1	0	0	-1.2376950000	 -0.0000000000
2	4	0	0	-1	-1.2376950000	 0.0000000000
4	2	0	0	1	-1.2376950000	 -0.0000000000
3	4	1	0	-1	-1.2376950000	 0.0000000000
4	3	-1	0	1	-1.2376950000	 -0.0000000000
1	1	0	0	1	-0.0472510000	 0.0000000000
1	1	0	0	-1	-0.0472510000	 -0.0000000000
1	2	0	1	1	0.0121510000	 0.0000000000
2	1	0	-1	-1	0.0121510000	 -0.0000000000
1	3	-1	1	1	0.0206730000	 0.0000000000
3	1	1	-1	-1	0.0206730000	 -0.0000000000
1	4	0	1	0	-0.0882290000	 0.0000000000
4	1	0	-1	0	-0.0882290000	 -0.0000000000
2	1	0	-1	1	-0.0882290000	 0.0000000000
1	2	0	1	-1	-0.0882290000	 -0.0000000000
2	2	0	0	1	0.3313490000	 0.0000000000
2	2	0	0	-1	0.3313490000	 -0.0000000000
2	3	-1	0	1	-0.0882290000	 0.0000000000
3	2	1	0	-1	-0.0882290000	 -0.0000000000
2	4	0	0	0	-1.2376950000	 0.0000000000
4	2	0	0	0	-1.2376950000	 -0.0000000000
3	1	1	-1	1	0.0206730000	 0.0000000000
1	3	-1	1	-1	0.0206730000	 -0.0000000000
3	2	1	0	1	0.0121510000	 0.0000000000
2	3	-1	0	-1	0.0121510000	 -0.0000000000
3	3	0	0	1	-0.0472510000	 0.0000000000
3	3	0	0	-1	-0.0472510000	 -0.0000000000
3	4	1	0	0	-0.0882290000	 0.0000000000
4	3	-1	0	0	-0.0882290000	 -0.0000000000
4	1	0	-1	2	0.0121510000	 0.0000000000
1	4	0	1	-2	0.0121510000	 -0.0000000000
4	2	0	0	2	-0.1225730000	 0.0000000000
2	4	0	0	-2	-0.1225730000	 -0.0000000000
4	3	-1	0	2	0.0121510000	 0.0000000000
3	4	1	0	-2	0.0121510000	 -0.0000000000
4	4	0	0	1	0.3313490000	 0.0000000000
4	4	0	0	-1	0.3313490000	 -0.0000000000
2	2	0	0	2	0.0500000000	 0.0000000000
2	2	0	0	-2	0.0500000000	 -0.0000000000
2	4	0	0	1	-0.1225730000	 0.0000000000
4	2	0	0	-1	-0.1225730000	 -0.0000000000
4	2	0	0	3	-0.0262620000	 0.0000000000
2	4	0	0	-3	-0.0262620000	 -0.0000000000
4	4	0	0	2	0.0500000000	 0.0000000000
4	4	0	0	-2	0.0500000000	 -0.0000000000
2	2	0	0	3	0.0132030000	 0.0000000000
2	2	0	0	-3	0.0132030000	 -0.0000000000
2	4	0	0	2	-0.0262620000	 0.0000000000
4	2	0	0	-2	-0.0262620000	 -0.0000000000
4	2	0	0	4	-0.0078050000	 0.0000000000
2	4	0	0	-4	-0.0078050000	 -0.0000000000
4	4	0	0	3	0.0132030000	 0.0000000000
4	4	0	0	-3	0.0132030000	 -0.0000000000
2	4	0	0	3	-0.0078050000	 0.0000000000
4	2	0	0	-3	-0.0078050000	 -0.0000000000
1	1	0	1	-2	-0.0093930000	 0.0000000000
1	1	0	-1	2	-0.0093930000	 -0.0000000000
2	2	0	1	-2	-0.0093930000	 0.0000000000
2	2	0	-1	2	-0.0093930000	 -0.0000000000
4	1	0	0	-1	0.0121510000	 0.0000000000
1	4	0	0	1	0.0121510000	 -0.0000000000
4	2	0	1	-1	0.0121510000	 0.0000000000
2	4	0	-1	1	0.0121510000	 -0.0000000000
4	3	-1	1	-1	-0.0154420000	 0.0000000000
3	4	1	-1	1	-0.0154420000	 -0.0000000000
4	4	0	1	-2	0.0086450000	 0.0000000000
4	4	0	-1	2	0.0086450000	 -0.0000000000
1	1	0	1	-1	0.3313490000	 0.0000000000
1	1	0	-1	1	0.3313490000	 -0.0000000000
1	2	0	2	-1	0.0121510000	 0.0000000000
2	1	0	-2	1	0.0121510000	 -0.0000000000
1	3	-1	2	-1	0.0121510000	 0.0000000000
3	1	1	-2	1	0.0121510000	 -0.0000000000
1	4	0	2	-2	-0.1225730000	 0.0000000000
4	1	0	-2	2	-0.1225730000	 -0.0000000000
2	1	0	0	-1	-0.0882290000	 0.0000000000
1	2	0	0	1	-0.0882290000	 -0.0000000000
2	2	0	1	-1	-0.0472510000	 0.0000000000
2	2	0	-1	1	-0.0472510000	 -0.0000000000
2	3	-1	1	-1	0.0206730000	 0.0000000000
3	2	1	-1	1	0.0206730000	 -0.0000000000
2	4	0	1	-2	0.0121510000	 0.0000000000
4	2	0	-1	2	0.0121510000	 -0.0000000000
3	1	1	0	-1	-0.0882290000	 0.0000000000
1	3	-1	0	1	-0.0882290000	 -0.0000000000
3	2	1	1	-1	0.0206730000	 0.0000000000
2	3	-1	-1	1	0.0206730000	 -0.0000000000
3	3	0	1	-1	-0.0472510000	 0.0000000000
3	3	0	-1	1	-0.0472510000	 -0.0000000000
3	4	1	1	-2	0.0121510000	 0.0000000000
4	3	-1	-1	2	0.0121510000	 -0.0000000000
4	1	0	0	0	-1.2376950000	 0.0000000000
1	4	0	0	0	-1.2376950000	 -0.0000000000
4	2	0	1	0	-0.0882290000	 0.0000000000
2	4	0	-1	0	-0.0882290000	 -0.0000000000
4	3	-1	1	0	-0.0882290000	 0.0000000000
3	4	1	-1	0	-0.0882290000	 -0.0000000000
4	4	0	1	-1	0.3313490000	 0.0000000000
4	4	0	-1	1	0.3313490000	 -0.0000000000
1	1	0	1	0	0.3313490000	 0.0000000000
1	1	0	-1	0	0.3313490000	 -0.0000000000
1	2	0	2	0	-0.1225730000	 0.0000000000
2	1	0	-2	0	-0.1225730000	 -0.0000000000
1	3	-1	2	0	0.0121510000	 0.0000000000
3	1	1	-2	0	0.0121510000	 -0.0000000000
1	4	0	2	-1	0.0121510000	 0.0000000000
4	1	0	-2	1	0.0121510000	 -0.0000000000
2	1	0	0	0	-1.2376950000	 0.0000000000
1	2	0	0	0	-1.2376950000	 -0.0000000000
2	2	0	1	0	0.3313490000	 0.0000000000
2	2	0	-1	0	0.3313490000	 -0.0000000000
2	3	-1	1	0	-0.0882290000	 0.0000000000
3	2	1	-1	0	-0.0882290000	 -0.0000000000
2	4	0	1	-1	-0.0882290000	 0.0000000000
4	2	0	-1	1	-0.0882290000	 -0.0000000000
3	1	1	0	0	-0.0882290000	 0.0000000000
1	3	-1	0	0	-0.0882290000	 -0.0000000000
3	2	1	1	0	0.0121510000	 0.0000000000
2	3	-1	-1	0	0.0121510000	 -0.0000000000
3	3	0	1	0	-0.0472510000	 0.0000000000
3	3	0	-1	0	-0.0472510000	 -0.0000000000
3	4	1	1	-1	0.0206730000	 0.0000000000
4	3	-1	-1	1	0.0206730000	 -0.0000000000
4	1	0	0	1	-0.0882290000	 0.0000000000
1	4	0	0	-1	-0.0882290000	 -0.0000000000
4	2	0	1	1	0.0121510000	 0.0000000000
2	4	0	-1	-1	0.0121510000	 -0.0000000000
4	3	-1	1	1	0.0206730000	 0.0000000000
3	4	1	-1	-1	0.0206730000	 -0.0000000000
4	4	0	1	0	-0.0472510000	 0.0000000000
4	4	0	-1	0	-0.0472510000	 -0.0000000000
1	1	0	1	1	-0.0093930000	 0.0000000000
1	1	0	-1	-1	-0.0093930000	 -0.0000000000
2	1	0	0	1	0.0121510000	 0.0000000000
1	2	0	0	-1	0.0121510000	 -0.0000000000
2	2	0	1	1	0.0086450000	 0.0000000000
2	2	0	-1	-1	0.0086450000	 -0.0000000000
2	3	-1	1	1	-0.0154420000	 0.0000000000
3	2	1	-1	-1	-0.0154420000	 -0.0000000000
2	4	0	1	0	0.0121510000	 0.0000000000
4	2	0	-1	0	0.0121510000	 -0.0000000000
4	4	0	1	1	-0.0093930000	 0.0000000000
4	4	0	-1	-1	-0.0093930000	 -0.0000000000
1	1	0	2	-2	0.0500000000	 0.0000000000
1	1	0	-2	2	0.0500000000	 -0.0000000000
1	4	0	3	-3	-0.0262620000	 0.0000000000
4	1	0	-3	3	-0.0262620000	 -0.0000000000
4	1	0	1	-1	-0.1225730000	 0.0000000000
1	4	0	-1	1	-0.1225730000	 -0.0000000000
4	4	0	2	-2	0.0500000000	 0.0000000000
4	4	0	-2	2	0.0500000000	 -0.0000000000
1	1	0	2	-1	0.0086450000	 0.0000000000
1	1	0	-2	1	0.0086450000	 -0.0000000000
2	1	0	1	-1	0.0121510000	 0.0000000000
1	2	0	-1	1	0.0121510000	 -0.0000000000
2	2	0	2	-1	-0.0093930000	 0.0000000000
2	2	0	-2	1	-0.0093930000	 -0.0000000000
3	1	1	1	-1	-0.0154420000	 0.0000000000
1	3	-1	-1	1	-0.0154420000	 -0.0000000000
4	1	0	1	0	0.0121510000	 0.0000000000
1	4	0	-1	0	0.0121510000	 -0.0000000000
4	4	0	2	-1	-0.0093930000	 0.0000000000
4	4	0	-2	1	-0.0093930000	 -0.0000000000
1	1	0	2	0	0.0500000000	 0.0000000000
1	1	0	-2	0	0.0500000000	 -0.0000000000
1	2	0	3	0	-0.0262620000	 0.0000000000
2	1	0	-3	0	-0.0262620000	 -0.0000000000
2	1	0	1	0	-0.1225730000	 0.0000000000
1	2	0	-1	0	-0.1225730000	 -0.0000000000
2	2	0	2	0	0.0500000000	 0.0000000000
2	2	0	-2	0	0.0500000000	 -0.0000000000
1	1	0	3	-3	0.0132030000	 0.0000000000
1	1	0	-3	3	0.0132030000	 -0.0000000000
1	4	0	4	-4	-0.0078050000	 0.0000000000
4	1	0	-4	4	-0.0078050000	 -0.0000000000
4	1	0	2	-2	-0.0262620000	 0.0000000000
1	4	0	-2	2	-0.0262620000	 -0.0000000000
4	4	0	3	-3	0.0132030000	 0.0000000000
4	4	0	-3	3	0.0132030000	 -0.0000000000
1	1	0	3	0	0.0132030000	 0.0000000000
1	1	0	-3	0	0.0132030000	 -0.0000000000
1	2	0	4	0	-0.0078050000	 0.0000000000
2	1	0	-4	0	-0.0078050000	 -0.0000000000
2	1	0	2	0	-0.0262620000	 0.0000000000
1	2	0	-2	0	-0.0262620000	 -0.0000000000
2	2	0	3	0	0.0132030000	 0.0000000000
2	2	0	-3	0	0.0132030000	 -0.0000000000
4	1	0	3	-3	-0.0078050000	 0.0000000000
1	4	0	-3	3	-0.0078050000	 -0.0000000000
2	1	0	3	0	-0.0078050000	 0.0000000000
1	2	0	-3	0	-0.0078050000	 -0.0000000000
1	1	1	-2	0	0.0086450000	 0.0000000000
1	1	-1	2	0	0.0086450000	 -0.0000000000
1	2	1	-1	0	0.0121510000	 0.0000000000
2	1	-1	1	0	0.0121510000	 -0.0000000000
1	3	0	-1	0	0.0121510000	 0.0000000000
3	1	0	1	0	0.0121510000	 -0.0000000000
1	4	1	-1	-1	-0.0154420000	 0.0000000000
4	1	-1	1	1	-0.0154420000	 -0.0000000000
2	2	1	-2	0	-0.0093930000	 0.0000000000
2	2	-1	2	0	-0.0093930000	 -0.0000000000
3	3	1	-2	0	-0.0093930000	 0.0000000000
3	3	-1	2	0	-0.0093930000	 -0.0000000000
1	1	1	-2	1	0.0086450000	 0.0000000000
1	1	-1	2	-1	0.0086450000	 -0.0000000000
1	2	1	-1	1	-0.0154420000	 0.0000000000
2	1	-1	1	-1	-0.0154420000	 -0.0000000000
1	3	0	-1	1	0.0121510000	 0.0000000000
3	1	0	1	-1	0.0121510000	 -0.0000000000
1	4	1	-1	0	0.0121510000	 0.0000000000
4	1	-1	1	0	0.0121510000	 -0.0000000000
3	3	1	-2	1	-0.0093930000	 0.0000000000
3	3	-1	2	-1	-0.0093930000	 -0.0000000000
4	4	1	-2	1	-0.0093930000	 0.0000000000
4	4	-1	2	-1	-0.0093930000	 -0.0000000000
1	2	1	0	-1	0.0206730000	 0.0000000000
2	1	-1	0	1	0.0206730000	 -0.0000000000
1	3	0	0	-1	0.0206730000	 0.0000000000
3	1	0	0	1	0.0206730000	 -0.0000000000
1	4	1	0	-2	-0.0154420000	 0.0000000000
4	1	-1	0	2	-0.0154420000	 -0.0000000000
2	3	0	-1	-1	-0.0154420000	 0.0000000000
3	2	0	1	1	-0.0154420000	 -0.0000000000
3	2	2	-1	-1	-0.0154420000	 0.0000000000
2	3	-2	1	1	-0.0154420000	 -0.0000000000
4	1	1	-2	0	-0.0154420000	 0.0000000000
1	4	-1	2	0	-0.0154420000	 -0.0000000000
4	2	1	-1	0	0.0206730000	 0.0000000000
2	4	-1	1	0	0.0206730000	 -0.0000000000
4	3	0	-1	0	0.0206730000	 0.0000000000
3	4	0	1	0	0.0206730000	 -0.0000000000
1	1	1	-1	0	0.3313490000	 0.0000000000
1	1	-1	1	0	0.3313490000	 -0.0000000000
1	2	1	0	0	-0.0882290000	 0.0000000000
2	1	-1	0	0	-0.0882290000	 -0.0000000000
1	3	0	0	0	-1.2376950000	 0.0000000000
3	1	0	0	0	-1.2376950000	 -0.0000000000
1	4	1	0	-1	-0.0882290000	 0.0000000000
4	1	-1	0	1	-0.0882290000	 -0.0000000000
2	1	1	-2	0	0.0121510000	 0.0000000000
1	2	-1	2	0	0.0121510000	 -0.0000000000
2	2	1	-1	0	-0.0472510000	 0.0000000000
2	2	-1	1	0	-0.0472510000	 -0.0000000000
2	3	0	-1	0	-0.0882290000	 0.0000000000
3	2	0	1	0	-0.0882290000	 -0.0000000000
2	4	1	-1	-1	0.0206730000	 0.0000000000
4	2	-1	1	1	0.0206730000	 -0.0000000000
3	1	2	-2	0	-0.1225730000	 0.0000000000
1	3	-2	2	0	-0.1225730000	 -0.0000000000
3	2	2	-1	0	0.0121510000	 0.0000000000
2	3	-2	1	0	0.0121510000	 -0.0000000000
3	3	1	-1	0	0.3313490000	 0.0000000000
3	3	-1	1	0	0.3313490000	 -0.0000000000
3	4	2	-1	-1	0.0121510000	 0.0000000000
4	3	-2	1	1	0.0121510000	 -0.0000000000
4	1	1	-2	1	0.0121510000	 0.0000000000
1	4	-1	2	-1	0.0121510000	 -0.0000000000
4	2	1	-1	1	0.0206730000	 0.0000000000
2	4	-1	1	-1	0.0206730000	 -0.0000000000
4	3	0	-1	1	-0.0882290000	 0.0000000000
3	4	0	1	-1	-0.0882290000	 -0.0000000000
4	4	1	-1	0	-0.0472510000	 0.0000000000
4	4	-1	1	0	-0.0472510000	 -0.0000000000
1	2	1	0	1	-0.0154420000	 0.0000000000
2	1	-1	0	-1	-0.0154420000	 -0.0000000000
1	3	0	0	1	0.0206730000	 0.0000000000
3	1	0	0	-1	0.0206730000	 -0.0000000000
1	4	1	0	0	0.0206730000	 0.0000000000
4	1	-1	0	0	0.0206730000	 -0.0000000000
2	1	1	-2	1	-0.0154420000	 0.0000000000
1	2	-1	2	-1	-0.0154420000	 -0.0000000000
2	3	0	-1	1	0.0206730000	 0.0000000000
3	2	0	1	-1	0.0206730000	 -0.0000000000
2	4	1	-1	0	0.0206730000	 0.0000000000
4	2	-1	1	0	0.0206730000	 -0.0000000000
3	4	2	-1	0	-0.0154420000	 0.0000000000
4	3	-2	1	0	-0.0154420000	 -0.0000000000
4	3	0	-1	2	-0.0154420000	 0.0000000000
3	4	0	1	-2	-0.0154420000	 -0.0000000000
2	2	1	0	-2	-0.0093930000	 0.0000000000
2	2	-1	0	2	-0.0093930000	 -0.0000000000
3	3	1	0	-2	-0.0093930000	 0.0000000000
3	3	-1	0	2	-0.0093930000	 -0.0000000000
4	1	1	-1	-1	-0.0154420000	 0.0000000000
1	4	-1	1	1	-0.0154420000	 -0.0000000000
4	2	1	0	-1	0.0121510000	 0.0000000000
2	4	-1	0	1	0.0121510000	 -0.0000000000
4	3	0	0	-1	0.0121510000	 0.0000000000
3	4	0	0	1	0.0121510000	 -0.0000000000
4	4	1	0	-2	0.0086450000	 0.0000000000
4	4	-1	0	2	0.0086450000	 -0.0000000000
1	1	1	0	-1	-0.0472510000	 0.0000000000
1	1	-1	0	1	-0.0472510000	 -0.0000000000
1	2	1	1	-1	0.0206730000	 0.0000000000
2	1	-1	-1	1	0.0206730000	 -0.0000000000
1	3	0	1	-1	-0.0882290000	 0.0000000000
3	1	0	-1	1	-0.0882290000	 -0.0000000000
1	4	1	1	-2	0.0121510000	 0.0000000000
4	1	-1	-1	2	0.0121510000	 -0.0000000000
2	1	1	-1	-1	0.0206730000	 0.0000000000
1	2	-1	1	1	0.0206730000	 -0.0000000000
2	2	1	0	-1	-0.0472510000	 0.0000000000
2	2	-1	0	1	-0.0472510000	 -0.0000000000
2	3	0	0	-1	-0.0882290000	 0.0000000000
3	2	0	0	1	-0.0882290000	 -0.0000000000
2	4	1	0	-2	0.0121510000	 0.0000000000
4	2	-1	0	2	0.0121510000	 -0.0000000000
3	1	2	-1	-1	0.0121510000	 0.0000000000
1	3	-2	1	1	0.0121510000	 -0.0000000000
3	2	2	0	-1	0.0121510000	 0.0000000000
2	3	-2	0	1	0.0121510000	 -0.0000000000
3	3	1	0	-1	0.3313490000	 0.0000000000
3	3	-1	0	1	0.3313490000	 -0.0000000000
3	4	2	0	-2	-0.1225730000	 0.0000000000
4	3	-2	0	2	-0.1225730000	 -0.0000000000
4	1	1	-1	0	-0.0882290000	 0.0000000000
1	4	-1	1	0	-0.0882290000	 -0.0000000000
4	2	1	0	0	-0.0882290000	 0.0000000000
2	4	-1	0	0	-0.0882290000	 -0.0000000000
4	3	0	0	0	-1.2376950000	 0.0000000000
3	4	0	0	0	-1.2376950000	 -0.0000000000
4	4	1	0	-1	0.3313490000	 0.0000000000
4	4	-1	0	1	0.3313490000	 -0.0000000000
1	1	1	0	0	-0.0472510000	 0.0000000000
1	1	-1	0	0	-0.0472510000	 -0.0000000000
1	2	1	1	0	0.0121510000	 0.0000000000
2	1	-1	-1	0	0.0121510000	 -0.0000000000
1	3	0	1	0	-0.0882290000	 0.0000000000
3	1	0	-1	0	-0.0882290000	 -0.0000000000
1	4	1	1	-1	0.0206730000	 0.0000000000
4	1	-1	-1	1	0.0206730000	 -0.0000000000
2	1	1	-1	0	-0.0882290000	 0.0000000000
1	2	-1	1	0	-0.0882290000	 -0.0000000000
2	2	1	0	0	0.3313490000	 0.0000000000
2	2	-1	0	0	0.3313490000	 -0.0000000000
2	3	0	0	0	-1.2376950000	 0.0000000000
3	2	0	0	0	-1.2376950000	 -0.0000000000
2	4	1	0	-1	-0.0882290000	 0.0000000000
4	2	-1	0	1	-0.0882290000	 -0.0000000000
3	1	2	-1	0	0.0121510000	 0.0000000000
1	3	-2	1	0	0.0121510000	 -0.0000000000
3	2	2	0	0	-0.1225730000	 0.0000000000
2	3	-2	0	0	-0.1225730000	 -0.0000000000
3	3	1	0	0	0.3313490000	 0.0000000000
3	3	-1	0	0	0.3313490000	 -0.0000000000
3	4	2	0	-1	0.0121510000	 0.0000000000
4	3	-2	0	1	0.0121510000	 -0.0000000000
4	1	1	-1	1	0.0206730000	 0.0000000000
1	4	-1	1	-1	0.0206730000	 -0.0000000000
4	2	1	0	1	0.0121510000	 0.0000000000
2	4	-1	0	-1	0.0121510000	 -0.0000000000
4	3	0	0	1	-0.0882290000	 0.0000000000
3	4	0	0	-1	-0.0882290000	 -0.0000000000
4	4	1	0	0	-0.0472510000	 0.0000000000
4	4	-1	0	0	-0.0472510000	 -0.0000000000
2	1	1	-1	1	-0.0154420000	 0.0000000000
1	2	-1	1	-1	-0.0154420000	 -0.0000000000
2	2	1	0	1	0.0086450000	 0.0000000000
2	2	-1	0	-1	0.0086450000	 -0.0000000000
2	3	0	0	1	0.0121510000	 0.0000000000
3	2	0	0	-1	0.0121510000	 -0.0000000000
2	4	1	0	0	0.0121510000	 0.0000000000
4	2	-1	0	0	0.0121510000	 -0.0000000000
3	3	1	0	1	-0.0093930000	 0.0000000000
3	3	-1	0	-1	-0.0093930000	 -0.0000000000
4	4	1	0	1	-0.0093930000	 0.0000000000
4	4	-1	0	-1	-0.0093930000	 -0.0000000000
1	1	1	1	-2	-0.0093930000	 0.0000000000
1	1	-1	-1	2	-0.0093930000	 -0.0000000000
3	3	1	1	-2	-0.0093930000	 0.0000000000
3	3	-1	-1	2	-0.0093930000	 -0.0000000000
4	1	1	0	-1	0.0121510000	 0.0000000000
1	4	-1	0	1	0.0121510000	 -0.0000000000
4	2	1	1	-1	-0.0154420000	 0.0000000000
2	4	-1	-1	1	-0.0154420000	 -0.0000000000
4	3	0	1	-1	0.0121510000	 0.0000000000
3	4	0	-1	1	0.0121510000	 -0.0000000000
4	4	1	1	-2	0.0086450000	 0.0000000000
4	4	-1	-1	2	0.0086450000	 -0.0000000000
1	3	0	2	-1	-0.0154420000	 0.0000000000
3	1	0	-2	1	-0.0154420000	 -0.0000000000
2	1	1	0	-1	0.0206730000	 0.0000000000
1	2	-1	0	1	0.0206730000	 -0.0000000000
2	3	0	1	-1	0.0206730000	 0.0000000000
3	2	0	-1	1	0.0206730000	 -0.0000000000
2	4	1	1	-2	-0.0154420000	 0.0000000000
4	2	-1	-1	2	-0.0154420000	 -0.0000000000
3	1	2	0	-1	-0.0154420000	 0.0000000000
1	3	-2	0	1	-0.0154420000	 -0.0000000000
4	1	1	0	0	0.0206730000	 0.0000000000
1	4	-1	0	0	0.0206730000	 -0.0000000000
4	2	1	1	0	-0.0154420000	 0.0000000000
2	4	-1	-1	0	-0.0154420000	 -0.0000000000
4	3	0	1	0	0.0206730000	 0.0000000000
3	4	0	-1	0	0.0206730000	 -0.0000000000
1	1	1	1	0	-0.0093930000	 0.0000000000
1	1	-1	-1	0	-0.0093930000	 -0.0000000000
2	1	1	0	0	0.0121510000	 0.0000000000
1	2	-1	0	0	0.0121510000	 -0.0000000000
2	2	1	1	0	0.0086450000	 0.0000000000
2	2	-1	-1	0	0.0086450000	 -0.0000000000
2	3	0	1	0	0.0121510000	 0.0000000000
3	2	0	-1	0	0.0121510000	 -0.0000000000
2	4	1	1	-1	-0.0154420000	 0.0000000000
4	2	-1	-1	1	-0.0154420000	 -0.0000000000
3	3	1	1	0	-0.0093930000	 0.0000000000
3	3	-1	-1	0	-0.0093930000	 -0.0000000000
1	1	2	-2	0	0.0500000000	 0.0000000000
1	1	-2	2	0	0.0500000000	 -0.0000000000
1	3	1	-1	0	-0.1225730000	 0.0000000000
3	1	-1	1	0	-0.1225730000	 -0.0000000000
3	1	3	-3	0	-0.0262620000	 0.0000000000
1	3	-3	3	0	-0.0262620000	 -0.0000000000
3	3	2	-2	0	0.0500000000	 0.0000000000
3	3	-2	2	0	0.0500000000	 -0.0000000000
1	1	2	-1	-1	-0.0093930000	 0.0000000000
1	1	-2	1	1	-0.0093930000	 -0.0000000000
1	3	1	0	-1	0.0121510000	 0.0000000000
3	1	-1	0	1	0.0121510000	 -0.0000000000
2	3	1	-1	-1	-0.0154420000	 0.0000000000
3	2	-1	1	1	-0.0154420000	 -0.0000000000
3	3	2	-1	-1	0.0086450000	 0.0000000000
3	3	-2	1	1	0.0086450000	 -0.0000000000
4	3	1	-1	0	0.0121510000	 0.0000000000
3	4	-1	1	0	0.0121510000	 -0.0000000000
4	4	2	-1	-1	-0.0093930000	 0.0000000000
4	4	-2	1	1	-0.0093930000	 -0.0000000000
1	1	2	-1	0	-0.0093930000	 0.0000000000
1	1	-2	1	0	-0.0093930000	 -0.0000000000
1	3	1	0	0	0.0121510000	 0.0000000000
3	1	-1	0	0	0.0121510000	 -0.0000000000
2	2	2	-1	0	-0.0093930000	 0.0000000000
2	2	-2	1	0	-0.0093930000	 -0.0000000000
2	3	1	-1	0	0.0121510000	 0.0000000000
3	2	-1	1	0	0.0121510000	 -0.0000000000
3	3	2	-1	0	0.0086450000	 0.0000000000
3	3	-2	1	0	0.0086450000	 -0.0000000000
4	3	1	-1	1	-0.0154420000	 0.0000000000
3	4	-1	1	-1	-0.0154420000	 -0.0000000000
3	3	2	0	-2	0.0500000000	 0.0000000000
3	3	-2	0	2	0.0500000000	 -0.0000000000
3	4	3	0	-3	-0.0262620000	 0.0000000000
4	3	-3	0	3	-0.0262620000	 -0.0000000000
4	3	1	0	-1	-0.1225730000	 0.0000000000
3	4	-1	0	1	-0.1225730000	 -0.0000000000
4	4	2	0	-2	0.0500000000	 0.0000000000
4	4	-2	0	2	0.0500000000	 -0.0000000000
1	3	1	1	-1	-0.0154420000	 0.0000000000
3	1	-1	-1	1	-0.0154420000	 -0.0000000000
2	2	2	0	-1	-0.0093930000	 0.0000000000
2	2	-2	0	1	-0.0093930000	 -0.0000000000
2	3	1	0	-1	0.0121510000	 0.0000000000
3	2	-1	0	1	0.0121510000	 -0.0000000000
3	3	2	0	-1	0.0086450000	 0.0000000000
3	3	-2	0	1	0.0086450000	 -0.0000000000
4	3	1	0	0	0.0121510000	 0.0000000000
3	4	-1	0	0	0.0121510000	 -0.0000000000
4	4	2	0	-1	-0.0093930000	 0.0000000000
4	4	-2	0	1	-0.0093930000	 -0.0000000000
2	2	2	0	0	0.0500000000	 0.0000000000
2	2	-2	0	0	0.0500000000	 -0.0000000000
2	3	1	0	0	-0.1225730000	 0.0000000000
3	2	-1	0	0	-0.1225730000	 -0.0000000000
3	2	3	0	0	-0.0262620000	 0.0000000000
2	3	-3	0	0	-0.0262620000	 -0.0000000000
3	3	2	0	0	0.0500000000	 0.0000000000
3	3	-2	0	0	0.0500000000	 -0.0000000000
1	1	3	-3	0	0.0132030000	 0.0000000000
1	1	-3	3	0	0.0132030000	 -0.0000000000
1	3	2	-2	0	-0.0262620000	 0.0000000000
3	1	-2	2	0	-0.0262620000	 -0.0000000000
3	1	4	-4	0	-0.0078050000	 0.0000000000
1	3	-4	4	0	-0.0078050000	 -0.0000000000
3	3	3	-3	0	0.0132030000	 0.0000000000
3	3	-3	3	0	0.0132030000	 -0.0000000000
3	3	3	0	-3	0.0132030000	 0.0000000000
3	3	-3	0	3	0.0132030000	 -0.0000000000
3	4	4	0	-4	-0.0078050000	 0.0000000000
4	3	-4	0	4	-0.0078050000	 -0.0000000000
4	3	2	0	-2	-0.0262620000	 0.0000000000
3	4	-2	0	2	-0.0262620000	 -0.0000000000
4	4	3	0	-3	0.0132030000	 0.0000000000
4	4	-3	0	3	0.0132030000	 -0.0000000000
2	2	3	0	0	0.0132030000	 0.0000000000
2	2	-3	0	0	0.0132030000	 -0.0000000000
2	3	2	0	0	-0.0262620000	 0.0000000000
3	2	-2	0	0	-0.0262620000	 -0.0000000000
3	2	4	0	0	-0.0078050000	 0.0000000000
2	3	-4	0	0	-0.0078050000	 -0.0000000000
3	3	3	0	0	0.0132030000	 0.0000000000
3	3	-3	0	0	0.0132030000	 -0.0000000000
1	3	3	-3	0	-0.0078050000	 0.0000000000
3	1	-3	3	0	-0.0078050000	 -0.0000000000
4	3	3	0	-3	-0.0078050000	 0.0000000000
3	4	-3	0	3	-0.0078050000	 -0.0000000000
2	3	3	0	0	-0.0078050000	 0.0000000000
3	2	-3	0	0	-0.0078050000	 -0.0000000000
