1758
l1 	l2 	Dx 	Dy 	Dz 	Real(TI) (eV) 		Imag(TI) (eV)
1	2	0	0	0	-0.0097520000	 0.0002640000
2	1	0	0	0	-0.0097520000	 -0.0002640000
1	3	-2	0	1	-0.1662170000	 0.0011370000
3	1	2	0	-1	-0.1662170000	 -0.0011370000
1	6	0	0	1	0.0426570000	 -0.0007710000
6	1	0	0	-1	0.0426570000	 0.0007710000
2	3	-2	0	1	-0.1258320000	 -0.0025460000
3	2	2	0	-1	-0.1258320000	 0.0025460000
2	4	0	-1	1	-0.5619530000	 0.0028520000
4	2	0	1	-1	-0.5619530000	 -0.0028520000
3	4	2	-1	0	0.0416720000	 -0.0010550000
4	3	-2	1	0	0.0416720000	 0.0010550000
3	6	2	0	0	-0.0404020000	 0.0004540000
6	3	-2	0	0	-0.0404020000	 -0.0004540000
4	5	-1	1	0	0.0129950000	 0.0001240000
5	4	1	-1	0	0.0129950000	 -0.0001240000
4	6	0	1	0	-0.0137340000	 -0.0001930000
6	4	0	-1	0	-0.0137340000	 0.0001930000
5	6	1	0	0	-0.5638840000	 -0.0025410000
6	5	-1	0	0	-0.5638840000	 0.0025410000
1	1	0	0	1	-1.7806910000	 0.0000000000
1	1	0	0	-1	-1.7806910000	 -0.0000000000
1	2	0	0	1	-0.0416900000	 0.0011290000
2	1	0	0	-1	-0.0416900000	 -0.0011290000
1	3	-2	0	2	0.0382420000	 -0.0002620000
3	1	2	0	-2	0.0382420000	 0.0002620000
2	2	0	0	1	0.2851850000	 0.0000000000
2	2	0	0	-1	0.2851850000	 -0.0000000000
2	4	0	-1	2	-0.0196810000	 0.0001000000
4	2	0	1	-2	-0.0196810000	 -0.0001000000
2	5	-1	0	2	-0.0254160000	 -0.0001140000
5	2	1	0	-2	-0.0254160000	 0.0001140000
3	1	2	0	0	-0.1600620000	 -0.0010950000
1	3	-2	0	0	-0.1600620000	 0.0010950000
3	3	0	0	1	-0.2200700000	 0.0000000000
3	3	0	0	-1	-0.2200700000	 -0.0000000000
4	1	0	1	0	-0.0173910000	 -0.0005590000
1	4	0	-1	0	-0.0173910000	 0.0005590000
4	2	0	1	0	-0.5638550000	 -0.0028620000
2	4	0	-1	0	-0.5638550000	 0.0028620000
4	4	0	0	1	0.2850230000	 0.0000000000
4	4	0	0	-1	0.2850230000	 -0.0000000000
4	6	0	1	1	-0.0227290000	 -0.0003200000
6	4	0	-1	-1	-0.0227290000	 0.0003200000
5	1	1	0	0	0.0171110000	 0.0003860000
1	5	-1	0	0	0.0171110000	 -0.0003860000
5	2	1	0	0	-0.0134670000	 0.0000600000
2	5	-1	0	0	-0.0134670000	 -0.0000600000
5	3	-1	0	1	-0.0100220000	 -0.0001580000
3	5	1	0	-1	-0.0100220000	 0.0001580000
5	5	0	0	1	0.2850220000	 0.0000000000
5	5	0	0	-1	0.2850220000	 -0.0000000000
5	6	1	0	1	-0.0212390000	 -0.0000960000
6	5	-1	0	-1	-0.0212390000	 0.0000960000
6	1	0	0	0	0.0097480000	 0.0001760000
1	6	0	0	0	0.0097480000	 -0.0001760000
6	2	0	0	0	0.0097500000	 -0.0000880000
2	6	0	0	0	0.0097500000	 0.0000880000
6	3	-2	0	1	0.1051220000	 0.0011810000
3	6	2	0	-1	0.1051220000	 -0.0011810000
6	5	-1	0	1	-0.5619670000	 0.0025320000
5	6	1	0	-1	-0.5619670000	 -0.0025320000
6	6	0	0	1	0.2851780000	 0.0000000000
6	6	0	0	-1	0.2851780000	 -0.0000000000
1	1	0	0	2	0.1765580000	 0.0000000000
1	1	0	0	-2	0.1765580000	 -0.0000000000
2	1	0	0	2	-0.0203020000	 -0.0005500000
1	2	0	0	-2	-0.0203020000	 0.0005500000
3	1	2	0	1	0.0363760000	 0.0002490000
1	3	-2	0	-1	0.0363760000	 -0.0002490000
4	1	0	1	1	0.0533040000	 0.0017140000
1	4	0	-1	-1	0.0533040000	 -0.0017140000
4	2	0	1	1	-0.0212510000	 -0.0001080000
2	4	0	-1	-1	-0.0212510000	 0.0001080000
5	1	1	0	1	-0.0533400000	 -0.0012050000
1	5	-1	0	-1	-0.0533400000	 0.0012050000
5	2	1	0	1	-0.0226960000	 0.0001020000
2	5	-1	0	-1	-0.0226960000	 -0.0001020000
6	4	0	-1	2	-0.0254210000	 0.0003580000
4	6	0	1	-2	-0.0254210000	 -0.0003580000
6	5	-1	0	2	-0.0196960000	 0.0000890000
5	6	1	0	-2	-0.0196960000	 -0.0000890000
1	1	0	0	3	-0.1180810000	 0.0000000000
1	1	0	0	-3	-0.1180810000	 -0.0000000000
6	1	0	0	2	0.0202170000	 0.0003660000
1	6	0	0	-2	0.0202170000	 -0.0003660000
1	1	0	0	4	0.0291550000	 0.0000000000
1	1	0	0	-4	0.0291550000	 -0.0000000000
1	1	0	0	5	-0.0126630000	 0.0000000000
1	1	0	0	-5	-0.0126630000	 -0.0000000000
1	1	0	1	-4	-0.0174980000	 0.0000000000
1	1	0	-1	4	-0.0174980000	 -0.0000000000
1	1	0	1	-3	0.0432240000	 0.0000000000
1	1	0	-1	3	0.0432240000	 -0.0000000000
1	3	-2	1	-2	-0.0111580000	 0.0000760000
3	1	2	-1	2	-0.0111580000	 -0.0000760000
1	6	0	1	-2	0.0723100000	 -0.0013070000
6	1	0	-1	2	0.0723100000	 0.0013070000
2	6	0	1	-2	0.0344930000	 0.0003100000
6	2	0	-1	2	0.0344930000	 -0.0003100000
1	1	0	1	-2	-0.0859260000	 0.0000000000
1	1	0	-1	2	-0.0859260000	 -0.0000000000
1	3	-2	1	-1	0.0393070000	 -0.0002690000
3	1	2	-1	1	0.0393070000	 0.0002690000
1	4	0	0	-1	0.1039800000	 -0.0033440000
4	1	0	0	1	0.1039800000	 0.0033440000
1	5	-1	1	-1	0.0378530000	 -0.0008550000
5	1	1	-1	1	0.0378530000	 0.0008550000
1	6	0	1	-1	0.0417080000	 -0.0007540000
6	1	0	-1	1	0.0417080000	 0.0007540000
2	1	0	1	-2	-0.0344680000	 -0.0009330000
1	2	0	-1	2	-0.0344680000	 0.0009330000
2	3	-2	1	-1	-0.0132420000	 -0.0002680000
3	2	2	-1	1	-0.0132420000	 0.0002680000
2	4	0	0	-1	-0.0750960000	 0.0003810000
4	2	0	0	1	-0.0750960000	 -0.0003810000
2	5	-1	1	-1	0.0409060000	 0.0001840000
5	2	1	-1	1	0.0409060000	 -0.0001840000
2	6	0	1	-1	0.0426880000	 0.0003840000
6	2	0	-1	1	0.0426880000	 -0.0003840000
3	5	1	1	-2	-0.0158210000	 0.0002490000
5	3	-1	-1	2	-0.0158210000	 -0.0002490000
3	6	2	1	-2	0.0254200000	 -0.0002860000
6	3	-2	-1	2	0.0254200000	 0.0002860000
4	4	0	1	-2	0.0449980000	 0.0000000000
4	4	0	-1	2	0.0449980000	 -0.0000000000
5	4	1	0	-2	0.0158220000	 -0.0001510000
4	5	-1	0	2	0.0158220000	 0.0001510000
5	6	1	1	-2	-0.0198280000	 -0.0000890000
6	5	-1	-1	2	-0.0198280000	 0.0000890000
6	4	0	0	-2	-0.0263580000	 0.0003710000
4	6	0	0	2	-0.0263580000	 -0.0003710000
6	5	-1	1	-2	0.0220770000	 -0.0000990000
5	6	1	-1	2	0.0220770000	 0.0000990000
6	6	0	1	-2	-0.0859800000	 0.0000000000
6	6	0	-1	2	-0.0859800000	 -0.0000000000
1	1	0	1	-1	0.2851880000	 0.0000000000
1	1	0	-1	1	0.2851880000	 -0.0000000000
1	3	-2	1	0	0.0200360000	 -0.0001370000
3	1	2	-1	0	0.0200360000	 0.0001370000
1	4	0	0	0	0.0134620000	 -0.0004330000
4	1	0	0	0	0.0134620000	 0.0004330000
1	5	-1	1	0	-0.1080130000	 0.0024400000
5	1	1	-1	0	-0.1080130000	 -0.0024400000
1	6	0	1	0	0.1066860000	 -0.0019290000
6	1	0	-1	0	0.1066860000	 0.0019290000
2	2	0	1	-1	0.2851760000	 0.0000000000
2	2	0	-1	1	0.2851760000	 -0.0000000000
2	4	0	0	0	-0.5638870000	 0.0028620000
4	2	0	0	0	-0.5638870000	 -0.0028620000
2	5	-1	1	0	-0.1077180000	 -0.0004840000
5	2	1	-1	0	-0.1077180000	 0.0004840000
2	6	0	1	0	-0.0680510000	 -0.0006120000
6	2	0	-1	0	-0.0680510000	 0.0006120000
3	1	2	1	-2	0.0196930000	 0.0001350000
1	3	-2	-1	2	0.0196930000	 -0.0001350000
3	3	0	1	-1	0.2850260000	 0.0000000000
3	3	0	-1	1	0.2850260000	 -0.0000000000
3	4	2	0	-1	-0.0693720000	 0.0017560000
4	3	-2	0	1	-0.0693720000	 -0.0017560000
3	6	2	1	-1	-0.0390850000	 0.0004390000
6	3	-2	-1	1	-0.0390850000	 -0.0004390000
4	1	0	2	-2	0.0254040000	 0.0008170000
1	4	0	-2	2	0.0254040000	 -0.0008170000
4	2	0	2	-2	-0.0196940000	 -0.0001000000
2	4	0	-2	2	-0.0196940000	 0.0001000000
4	3	-2	2	-1	0.0312420000	 0.0007910000
3	4	2	-2	1	0.0312420000	 -0.0007910000
4	4	0	1	-1	0.2850190000	 0.0000000000
4	4	0	-1	1	0.2850190000	 -0.0000000000
4	5	-1	2	-1	-0.0693930000	 -0.0006640000
5	4	1	-2	1	-0.0693930000	 0.0006640000
4	6	0	2	-1	-0.1258430000	 -0.0017710000
6	4	0	-2	1	-0.1258430000	 0.0017710000
5	1	1	1	-2	0.0267060000	 0.0006030000
1	5	-1	-1	2	0.0267060000	 -0.0006030000
5	2	1	1	-2	0.0267100000	 -0.0001200000
2	5	-1	-1	2	0.0267100000	 0.0001200000
5	3	-1	1	-1	0.0325290000	 0.0005120000
3	5	1	-1	1	0.0325290000	 -0.0005120000
5	4	1	0	-1	0.1164770000	 -0.0011140000
4	5	-1	0	1	0.1164770000	 0.0011140000
5	5	0	1	-1	-0.2200700000	 0.0000000000
5	5	0	-1	1	-0.2200700000	 -0.0000000000
5	6	1	1	-1	0.1633560000	 0.0007360000
6	5	-1	-1	1	0.1633560000	 -0.0007360000
6	1	0	1	-2	0.0722910000	 0.0013070000
1	6	0	-1	2	0.0722910000	 -0.0013070000
6	3	-2	1	-1	-0.0235690000	 -0.0002650000
3	6	2	-1	1	-0.0235690000	 0.0002650000
6	4	0	0	-1	-0.1040920000	 0.0014650000
4	6	0	0	1	-0.1040920000	 -0.0014650000
6	5	-1	1	-1	0.1619240000	 -0.0007300000
5	6	1	-1	1	0.1619240000	 0.0007300000
6	6	0	1	-1	-1.7806910000	 0.0000000000
6	6	0	-1	1	-1.7806910000	 -0.0000000000
1	1	0	1	0	0.2848540000	 0.0000000000
1	1	0	-1	0	0.2848540000	 -0.0000000000
1	2	0	1	0	0.0677830000	 -0.0018360000
2	1	0	-1	0	0.0677830000	 0.0018360000
1	3	-2	1	1	0.0352790000	 -0.0002410000
3	1	2	-1	-1	0.0352790000	 0.0002410000
1	4	0	0	1	0.1258380000	 -0.0040470000
4	1	0	0	-1	0.1258380000	 0.0040470000
1	5	-1	1	1	-0.0165020000	 0.0003730000
5	1	1	-1	-1	-0.0165020000	 -0.0003730000
2	1	0	1	0	-0.1155270000	 -0.0031290000
1	2	0	-1	0	-0.1155270000	 0.0031290000
2	2	0	1	0	-0.2197320000	 0.0000000000
2	2	0	-1	0	-0.2197320000	 -0.0000000000
2	4	0	0	1	0.1662110000	 -0.0008440000
4	2	0	0	-1	0.1662110000	 0.0008440000
2	5	-1	1	1	0.0390830000	 0.0001750000
5	2	1	-1	-1	0.0390830000	 -0.0001750000
2	6	0	1	1	-0.0100680000	 -0.0000910000
6	2	0	-1	-1	-0.0100680000	 0.0000910000
3	1	2	1	-1	0.0713110000	 0.0004880000
1	3	-2	-1	1	0.0713110000	 -0.0004880000
3	2	2	1	-1	-0.0165020000	 0.0003340000
2	3	-2	-1	1	-0.0165020000	 -0.0003340000
3	3	0	1	0	0.2852520000	 0.0000000000
3	3	0	-1	0	0.2852520000	 -0.0000000000
3	4	2	0	0	0.0970580000	 -0.0024570000
4	3	-2	0	0	0.0970580000	 0.0024570000
3	5	1	1	0	-0.0416730000	 0.0006560000
5	3	-1	-1	0	-0.0416730000	 -0.0006560000
4	1	0	2	-1	0.1050760000	 0.0033790000
1	4	0	-2	1	0.1050760000	 -0.0033790000
4	2	0	2	-1	0.1662240000	 0.0008440000
2	4	0	-2	1	0.1662240000	 -0.0008440000
4	3	-2	2	0	0.0715320000	 0.0018110000
3	4	2	-2	0	0.0715320000	 -0.0018110000
4	4	0	1	0	-1.7810870000	 0.0000000000
4	4	0	-1	0	-1.7810870000	 -0.0000000000
4	5	-1	2	0	0.0416850000	 0.0003990000
5	4	1	-2	0	0.0416850000	 -0.0003990000
5	1	1	1	-1	-0.0147530000	 -0.0003330000
1	5	-1	-1	1	-0.0147530000	 0.0003330000
5	2	1	1	-1	-0.0993650000	 0.0004460000
2	5	-1	-1	1	-0.0993650000	 -0.0004460000
5	3	-1	1	0	-0.0251340000	 -0.0003960000
3	5	1	-1	0	-0.0251340000	 0.0003960000
5	5	0	1	0	0.2852400000	 0.0000000000
5	5	0	-1	0	0.2852400000	 -0.0000000000
5	6	1	1	0	-0.0177180000	 -0.0000800000
6	5	-1	-1	0	-0.0177180000	 0.0000800000
6	3	-2	1	0	0.0555070000	 0.0006240000
3	6	2	-1	0	0.0555070000	 -0.0006240000
6	4	0	0	0	0.0171030000	 -0.0002410000
4	6	0	0	0	0.0171030000	 0.0002410000
6	5	-1	1	0	-0.5655500000	 0.0025480000
5	6	1	-1	0	-0.5655500000	 -0.0025480000
6	6	0	1	0	0.2847900000	 0.0000000000
6	6	0	-1	0	0.2847900000	 -0.0000000000
1	1	0	1	1	-0.0850770000	 0.0000000000
1	1	0	-1	-1	-0.0850770000	 -0.0000000000
1	2	0	1	1	0.0146620000	 -0.0003970000
2	1	0	-1	-1	0.0146620000	 0.0003970000
1	3	-2	1	2	-0.0096750000	 0.0000660000
3	1	2	-1	-2	-0.0096750000	 -0.0000660000
1	5	-1	1	2	-0.0115920000	 0.0002620000
5	1	1	-1	-2	-0.0115920000	 -0.0002620000
2	1	0	1	1	0.0300080000	 0.0008130000
1	2	0	-1	-1	0.0300080000	 -0.0008130000
2	4	0	0	2	0.0214440000	 -0.0001090000
4	2	0	0	-2	0.0214440000	 0.0001090000
3	1	2	1	0	0.0190930000	 0.0001310000
1	3	-2	-1	0	0.0190930000	 -0.0001310000
3	2	2	1	0	-0.0327210000	 0.0006620000
2	3	-2	-1	0	-0.0327210000	 -0.0006620000
3	5	1	1	1	0.0145850000	 -0.0002300000
5	3	-1	-1	-1	0.0145850000	 0.0002300000
4	1	0	2	0	0.0554770000	 0.0017840000
1	4	0	-2	0	0.0554770000	 -0.0017840000
4	2	0	2	0	-0.0200350000	 -0.0001020000
2	4	0	-2	0	-0.0200350000	 0.0001020000
4	3	-2	2	1	-0.0130560000	 -0.0003300000
3	4	2	-2	-1	-0.0130560000	 0.0003300000
4	4	0	1	1	-0.0865970000	 0.0000000000
4	4	0	-1	-1	-0.0865970000	 -0.0000000000
4	5	-1	2	1	0.0312500000	 0.0002990000
5	4	1	-2	-1	0.0312500000	 -0.0002990000
5	2	1	1	0	0.0262720000	 -0.0001180000
2	5	-1	-1	0	0.0262720000	 0.0001180000
6	1	0	1	0	0.0761900000	 0.0013770000
1	6	0	-1	0	0.0761900000	 -0.0013770000
6	2	0	1	0	0.1152460000	 -0.0010370000
2	6	0	-1	0	0.1152460000	 0.0010370000
6	3	-2	1	1	0.0290990000	 0.0003270000
3	6	2	-1	-1	0.0290990000	 -0.0003270000
6	4	0	0	1	-0.1050950000	 0.0014790000
4	6	0	0	-1	-0.1050950000	 -0.0014790000
6	5	-1	1	1	-0.0713130000	 0.0003210000
5	6	1	-1	-1	-0.0713130000	 -0.0003210000
6	6	0	1	1	0.0437540000	 0.0000000000
6	6	0	-1	-1	0.0437540000	 -0.0000000000
1	1	0	1	2	0.0433770000	 0.0000000000
1	1	0	-1	-2	0.0433770000	 -0.0000000000
1	4	0	0	3	0.0108210000	 -0.0003480000
4	1	0	0	-3	0.0108210000	 0.0003480000
4	1	0	2	1	0.0217760000	 0.0007000000
1	4	0	-2	-1	0.0217760000	 -0.0007000000
5	1	1	1	1	-0.0167780000	 -0.0003790000
1	5	-1	-1	-1	-0.0167780000	 0.0003790000
6	1	0	1	1	0.0259620000	 0.0004690000
1	6	0	-1	-1	0.0259620000	 -0.0004690000
6	2	0	1	1	0.0176150000	 -0.0001580000
2	6	0	-1	-1	0.0176150000	 0.0001580000
6	4	0	0	2	-0.0260480000	 0.0003670000
4	6	0	0	-2	-0.0260480000	 -0.0003670000
1	1	0	1	3	-0.0172490000	 0.0000000000
1	1	0	-1	-3	-0.0172490000	 -0.0000000000
1	4	0	1	-2	0.0263480000	 -0.0008470000
4	1	0	-1	2	0.0263480000	 0.0008470000
5	6	1	2	-3	-0.0281920000	 -0.0001270000
6	5	-1	-2	3	-0.0281920000	 0.0001270000
6	6	0	2	-3	0.0432290000	 0.0000000000
6	6	0	-2	3	0.0432290000	 -0.0000000000
1	4	0	1	-1	0.0226850000	 -0.0007300000
4	1	0	-1	1	0.0226850000	 0.0007300000
2	4	0	1	-1	-0.0212380000	 0.0001080000
4	2	0	-1	1	-0.0212380000	 -0.0001080000
2	6	0	2	-1	-0.0146200000	 -0.0001320000
6	2	0	-2	1	-0.0146200000	 0.0001320000
3	6	2	2	-2	0.0132040000	 -0.0001480000
6	3	-2	-2	2	0.0132040000	 0.0001480000
5	6	1	2	-2	-0.0478000000	 -0.0002150000
6	5	-1	-2	2	-0.0478000000	 0.0002150000
6	5	-1	2	-2	-0.0444520000	 0.0002000000
5	6	1	-2	2	-0.0444520000	 -0.0002000000
6	6	0	2	-2	0.1765580000	 0.0000000000
6	6	0	-2	2	0.1765580000	 -0.0000000000
1	1	0	2	-1	0.0437630000	 0.0000000000
1	1	0	-2	1	0.0437630000	 -0.0000000000
1	2	0	2	-1	0.0100280000	 -0.0002720000
2	1	0	-2	1	0.0100280000	 0.0002720000
1	5	-1	2	0	-0.0327200000	 0.0007390000
5	1	1	-2	0	-0.0327200000	 -0.0007390000
1	6	0	2	0	0.0266060000	 -0.0004810000
6	1	0	-2	0	0.0266060000	 0.0004810000
2	1	0	2	-1	-0.0176560000	 -0.0004780000
1	2	0	-2	1	-0.0176560000	 0.0004780000
2	4	0	1	0	-0.0199930000	 0.0001010000
4	2	0	-1	0	-0.0199930000	 -0.0001010000
3	2	2	2	-2	-0.0132120000	 0.0002670000
2	3	-2	-2	2	-0.0132120000	 -0.0002670000
4	1	0	3	-2	0.0260500000	 0.0008380000
1	4	0	-3	2	0.0260500000	 -0.0008380000
4	2	0	3	-2	0.0214310000	 0.0001090000
2	4	0	-3	2	0.0214310000	 -0.0001090000
4	4	0	2	-1	-0.0865980000	 0.0000000000
4	4	0	-2	1	-0.0865980000	 -0.0000000000
4	5	-1	3	-1	-0.0145860000	 -0.0001400000
5	4	1	-3	1	-0.0145860000	 0.0001400000
5	4	1	1	-1	-0.0325320000	 0.0003110000
4	5	-1	-1	1	-0.0325320000	 -0.0003110000
5	6	1	2	-1	0.0200600000	 0.0000900000
6	5	-1	-2	1	0.0200600000	 -0.0000900000
6	1	0	2	-2	0.0203030000	 0.0003670000
1	6	0	-2	2	0.0203030000	 -0.0003670000
6	2	0	2	-2	0.0202170000	 -0.0001820000
2	6	0	-2	2	0.0202170000	 0.0001820000
6	3	-2	2	-1	0.0217860000	 0.0002450000
3	6	2	-2	1	0.0217860000	 -0.0002450000
6	4	0	1	-1	-0.0533480000	 0.0007510000
4	6	0	-1	1	-0.0533480000	 -0.0007510000
6	5	-1	2	-1	-0.0207860000	 0.0000940000
5	6	1	-2	1	-0.0207860000	 -0.0000940000
6	6	0	2	-1	-0.0851050000	 0.0000000000
6	6	0	-2	1	-0.0851050000	 -0.0000000000
2	4	0	1	1	-0.0458580000	 0.0002330000
4	2	0	-1	-1	-0.0458580000	 -0.0002330000
3	1	2	2	-1	0.0117490000	 0.0000800000
1	3	-2	-2	1	0.0117490000	 -0.0000800000
4	2	0	3	-1	-0.0458560000	 -0.0002330000
2	4	0	-3	1	-0.0458560000	 0.0002330000
4	4	0	2	0	0.1768230000	 0.0000000000
4	4	0	-2	0	0.1768230000	 -0.0000000000
5	4	1	1	0	0.0202570000	 -0.0001940000
4	5	-1	-1	0	0.0202570000	 0.0001940000
6	1	0	2	-1	0.0258790000	 0.0004680000
1	6	0	-2	1	0.0258790000	 -0.0004680000
6	2	0	2	-1	-0.0300000000	 0.0002700000
2	6	0	-2	1	-0.0300000000	 -0.0002700000
6	3	-2	2	0	0.0170630000	 0.0001920000
3	6	2	-2	0	0.0170630000	 -0.0001920000
6	4	0	1	0	-0.0555080000	 0.0007810000
4	6	0	-1	0	-0.0555080000	 -0.0007810000
6	5	-1	2	0	-0.0190920000	 0.0000860000
5	6	1	-2	0	-0.0190920000	 -0.0000860000
4	2	0	3	0	-0.0270760000	 -0.0001370000
2	4	0	-3	0	-0.0270760000	 0.0001370000
4	4	0	2	1	0.0440560000	 0.0000000000
4	4	0	-2	-1	0.0440560000	 -0.0000000000
6	1	0	2	0	0.0215470000	 0.0003900000
1	6	0	-2	0	0.0215470000	 -0.0003900000
6	6	0	3	-4	-0.0175030000	 0.0000000000
6	6	0	-3	4	-0.0175030000	 -0.0000000000
4	6	0	4	-3	-0.0108250000	 -0.0001520000
6	4	0	-4	3	-0.0108250000	 0.0001520000
5	6	1	3	-3	0.0167870000	 0.0000760000
6	5	-1	-3	3	0.0167870000	 -0.0000760000
6	5	-1	3	-3	0.0168230000	 -0.0000760000
5	6	1	-3	3	0.0168230000	 0.0000760000
6	6	0	3	-3	-0.1180810000	 0.0000000000
6	6	0	-3	3	-0.1180810000	 -0.0000000000
6	5	-1	3	-2	-0.0260230000	 0.0001170000
5	6	1	-3	2	-0.0260230000	 -0.0001170000
6	6	0	3	-2	0.0433730000	 0.0000000000
6	6	0	-3	2	0.0433730000	 -0.0000000000
2	4	0	2	0	-0.0270750000	 0.0001370000
4	2	0	-2	0	-0.0270750000	 -0.0001370000
4	4	0	3	-1	0.0440560000	 0.0000000000
4	4	0	-3	1	0.0440560000	 -0.0000000000
4	6	0	4	-1	-0.0107750000	 -0.0001520000
6	4	0	-4	1	-0.0107750000	 0.0001520000
6	4	0	2	-1	-0.0217840000	 0.0003070000
4	6	0	-2	1	-0.0217840000	 -0.0003070000
1	4	0	2	1	0.0107770000	 -0.0003470000
4	1	0	-2	-1	0.0107770000	 0.0003470000
2	4	0	2	1	0.0169940000	 -0.0000860000
4	2	0	-2	-1	0.0169940000	 0.0000860000
4	2	0	4	-1	0.0169970000	 0.0000860000
2	4	0	-4	1	0.0169970000	 -0.0000860000
4	4	0	3	0	-0.1181880000	 0.0000000000
4	4	0	-3	0	-0.1181880000	 -0.0000000000
4	4	0	3	1	-0.0177820000	 0.0000000000
4	4	0	-3	-1	-0.0177820000	 -0.0000000000
6	6	0	4	-4	0.0291550000	 0.0000000000
6	6	0	-4	4	0.0291550000	 -0.0000000000
6	6	0	4	-3	-0.0172490000	 0.0000000000
6	6	0	-4	3	-0.0172490000	 -0.0000000000
4	4	0	4	-1	-0.0177820000	 0.0000000000
4	4	0	-4	1	-0.0177820000	 -0.0000000000
4	4	0	4	0	0.0291620000	 0.0000000000
4	4	0	-4	0	0.0291620000	 -0.0000000000
6	6	0	5	-5	-0.0126630000	 0.0000000000
6	6	0	-5	5	-0.0126630000	 -0.0000000000
4	4	0	5	0	-0.0126610000	 0.0000000000
4	4	0	-5	0	-0.0126610000	 -0.0000000000
4	4	1	-4	0	-0.0170420000	 0.0000000000
4	4	-1	4	0	-0.0170420000	 -0.0000000000
6	6	1	-4	3	-0.0172470000	 0.0000000000
6	6	-1	4	-3	-0.0172470000	 -0.0000000000
2	4	1	-4	0	0.0167090000	 -0.0000850000
4	2	-1	4	0	0.0167090000	 0.0000850000
2	4	1	-4	1	-0.0189160000	 0.0000960000
4	2	-1	4	-1	-0.0189160000	 -0.0000960000
4	4	1	-3	0	0.0426830000	 0.0000000000
4	4	-1	3	0	0.0426830000	 -0.0000000000
4	6	1	-2	0	-0.0170590000	 -0.0002400000
6	4	-1	2	0	-0.0170590000	 0.0002400000
5	3	0	-3	0	-0.0269760000	 -0.0004250000
3	5	0	3	0	-0.0269760000	 0.0004250000
3	3	1	-3	1	-0.0121870000	 0.0000000000
3	3	-1	3	-1	-0.0121870000	 -0.0000000000
4	3	-1	-2	1	0.0312410000	 0.0007910000
3	4	1	2	-1	0.0312410000	 -0.0007910000
4	4	1	-3	1	-0.0121860000	 0.0000000000
4	4	-1	3	-1	-0.0121860000	 -0.0000000000
4	6	1	-2	1	-0.0167800000	 -0.0002360000
6	4	-1	2	-1	-0.0167800000	 0.0002360000
6	6	1	-3	1	-0.0123680000	 0.0000000000
6	6	-1	3	-1	-0.0123680000	 -0.0000000000
6	3	-1	-3	2	0.0115950000	 0.0001300000
3	6	1	3	-2	0.0115950000	 -0.0001300000
6	5	0	-3	2	-0.0184800000	 0.0000830000
5	6	0	3	-2	-0.0184800000	 -0.0000830000
6	6	1	-3	2	0.0433750000	 0.0000000000
6	6	-1	3	-2	0.0433750000	 -0.0000000000
6	5	0	-3	3	0.0167890000	 -0.0000760000
5	6	0	3	-3	0.0167890000	 0.0000760000
1	1	1	-2	-1	0.0110910000	 0.0000000000
1	1	-1	2	1	0.0110910000	 -0.0000000000
1	3	-1	-2	0	0.0191140000	 -0.0001310000
3	1	1	2	0	0.0191140000	 0.0001310000
1	6	1	-2	0	0.0139980000	 -0.0002530000
6	1	-1	2	0	0.0139980000	 0.0002530000
2	4	1	-3	0	-0.0460490000	 0.0002340000
4	2	-1	3	0	-0.0460490000	 -0.0002340000
2	6	1	-2	0	0.0139910000	 0.0001260000
6	2	-1	2	0	0.0139910000	 -0.0001260000
3	3	1	-2	-1	0.0120960000	 0.0000000000
3	3	-1	2	1	0.0120960000	 -0.0000000000
4	2	1	-1	-2	0.0107380000	 0.0000550000
2	4	-1	1	2	0.0107380000	 -0.0000550000
4	3	-1	-1	-1	-0.0145820000	 -0.0003690000
3	4	1	1	1	-0.0145820000	 0.0003690000
4	5	0	-1	-1	0.0173780000	 0.0001660000
5	4	0	1	1	0.0173780000	 -0.0001660000
4	6	1	-1	-1	-0.0291160000	 -0.0004100000
6	4	-1	1	1	-0.0291160000	 0.0004100000
5	6	2	-2	-1	-0.0117490000	 -0.0000530000
6	5	-2	2	1	-0.0117490000	 0.0000530000
1	3	-1	-2	1	0.0713400000	 -0.0004880000
3	1	1	2	-1	0.0713400000	 0.0004880000
1	4	1	-3	1	0.0131830000	 -0.0004240000
4	1	-1	3	-1	0.0131830000	 0.0004240000
1	5	0	-2	1	-0.0136890000	 0.0003090000
5	1	0	2	-1	-0.0136890000	 -0.0003090000
1	6	1	-2	1	-0.0300130000	 0.0005430000
6	1	-1	2	-1	-0.0300130000	 -0.0005430000
2	3	-1	-2	1	0.0390350000	 0.0007900000
3	2	1	2	-1	0.0390350000	 -0.0007900000
2	4	1	-3	1	0.0341550000	 -0.0001730000
4	2	-1	3	-1	0.0341550000	 0.0001730000
2	5	0	-2	1	-0.0137010000	 -0.0000620000
5	2	0	2	-1	-0.0137010000	 0.0000620000
2	6	1	-2	1	0.0259640000	 0.0002340000
6	2	-1	2	-1	0.0259640000	 -0.0002340000
3	3	1	-2	0	-0.0840500000	 0.0000000000
3	3	-1	2	0	-0.0840500000	 -0.0000000000
4	2	1	-1	-1	-0.0352670000	 -0.0001790000
2	4	-1	1	1	-0.0352670000	 0.0001790000
4	3	-1	-1	0	0.0416600000	 0.0010550000
3	4	1	1	0	0.0416600000	 -0.0010550000
4	4	1	-2	0	-0.0840450000	 0.0000000000
4	4	-1	2	0	-0.0840450000	 -0.0000000000
4	5	0	-1	0	0.0251340000	 0.0002400000
5	4	0	1	0	0.0251340000	 -0.0002400000
5	3	0	-2	0	-0.0970720000	 -0.0015280000
3	5	0	2	0	-0.0970720000	 0.0015280000
5	5	1	-2	0	0.0420950000	 0.0000000000
5	5	-1	2	0	0.0420950000	 -0.0000000000
5	6	2	-2	0	-0.0191120000	 -0.0000860000
6	5	-2	2	0	-0.0191120000	 0.0000860000
6	3	-1	-2	0	0.0327230000	 0.0003680000
3	6	1	2	0	0.0327230000	 -0.0003680000
6	4	1	-3	0	-0.0099900000	 0.0001410000
4	6	-1	3	0	-0.0099900000	 -0.0001410000
1	2	1	-2	1	0.0100640000	 -0.0002730000
2	1	-1	2	-1	0.0100640000	 0.0002730000
1	3	-1	-2	2	0.0196820000	 -0.0001350000
3	1	1	2	-2	0.0196820000	 0.0001350000
1	6	1	-2	2	-0.0126160000	 0.0002280000
6	1	-1	2	-2	-0.0126160000	 -0.0002280000
2	1	1	-2	1	-0.0176110000	 -0.0004770000
1	2	-1	2	-1	-0.0176110000	 0.0004770000
2	2	1	-2	1	0.0437550000	 0.0000000000
2	2	-1	2	-1	0.0437550000	 -0.0000000000
2	3	-1	-2	2	-0.0254140000	 -0.0005140000
3	2	1	2	-2	-0.0254140000	 0.0005140000
2	6	1	-2	2	0.0152670000	 0.0001370000
6	2	-1	2	-2	0.0152670000	 -0.0001370000
3	1	3	-2	0	0.0270750000	 0.0001850000
1	3	-3	2	0	0.0270750000	 -0.0001850000
3	3	1	-2	1	-0.0866020000	 0.0000000000
3	3	-1	2	-1	-0.0866020000	 -0.0000000000
4	1	1	-1	0	-0.0262580000	 -0.0008440000
1	4	-1	1	0	-0.0262580000	 0.0008440000
4	2	1	-1	0	-0.0177200000	 -0.0000900000
2	4	-1	1	0	-0.0177200000	 0.0000900000
4	5	0	-1	1	0.0145130000	 0.0001390000
5	4	0	1	-1	0.0145130000	 -0.0001390000
4	6	1	-1	1	-0.0243300000	 -0.0003420000
6	4	-1	1	-1	-0.0243300000	 0.0003420000
5	2	2	-2	0	-0.0327250000	 0.0001470000
2	5	-2	2	0	-0.0327250000	 -0.0001470000
5	3	0	-2	1	0.0693850000	 0.0010920000
3	5	0	2	-1	0.0693850000	 -0.0010920000
5	6	2	-2	1	-0.0363780000	 -0.0001640000
6	5	-2	2	-1	-0.0363780000	 0.0001640000
6	3	-1	-2	1	0.0164880000	 0.0001850000
3	6	1	2	-1	0.0164880000	 -0.0001850000
6	4	1	-3	1	0.0168150000	 -0.0002370000
4	6	-1	3	-1	0.0168150000	 0.0002370000
6	5	0	-2	1	0.0319720000	 -0.0001440000
5	6	0	2	-1	0.0319720000	 0.0001440000
6	6	1	-2	1	-0.0850720000	 0.0000000000
6	6	-1	2	-1	-0.0850720000	 -0.0000000000
1	1	1	-2	2	0.0125470000	 0.0000000000
1	1	-1	2	-2	0.0125470000	 -0.0000000000
3	3	1	-2	2	0.0116700000	 0.0000000000
3	3	-1	2	-2	0.0116700000	 -0.0000000000
4	2	1	-1	1	-0.0103500000	 -0.0000530000
2	4	-1	1	-1	-0.0103500000	 0.0000530000
4	3	-1	-1	2	0.0158170000	 0.0004000000
3	4	1	1	-2	0.0158170000	 -0.0004000000
5	6	2	-2	2	0.0111590000	 0.0000500000
6	5	-2	2	-2	0.0111590000	 -0.0000500000
6	1	1	-2	1	-0.0146650000	 -0.0002650000
1	6	-1	2	-1	-0.0146650000	 0.0002650000
6	4	1	-3	2	-0.0115950000	 0.0001630000
4	6	-1	3	-2	-0.0115950000	 -0.0001630000
6	5	0	-2	2	-0.0478040000	 0.0002150000
5	6	0	2	-2	-0.0478040000	 -0.0002150000
1	3	-1	-1	-2	0.0260230000	 -0.0001780000
3	1	1	1	2	0.0260230000	 0.0001780000
1	6	1	-1	-2	0.0152670000	 -0.0002760000
6	1	-1	1	2	0.0152670000	 0.0002760000
1	2	1	-1	-2	0.0126140000	 -0.0003420000
2	1	-1	1	2	0.0126140000	 0.0003420000
1	3	-1	-1	-1	0.0207870000	 -0.0001420000
3	1	1	1	1	0.0207870000	 0.0001420000
1	4	1	-2	-1	-0.0235580000	 0.0007580000
4	1	-1	2	1	-0.0235580000	 -0.0007580000
1	5	0	-1	-1	-0.0243250000	 0.0005490000
5	1	0	1	1	-0.0243250000	 -0.0005490000
2	2	1	-1	-2	0.0125470000	 0.0000000000
2	2	-1	1	2	0.0125470000	 -0.0000000000
2	4	1	-2	-1	-0.0393070000	 0.0002000000
4	2	-1	2	1	-0.0393070000	 -0.0002000000
4	4	1	-1	-2	0.0116700000	 0.0000000000
4	4	-1	1	2	0.0116700000	 -0.0000000000
1	1	1	-1	-1	0.0148030000	 0.0000000000
1	1	-1	1	1	0.0148030000	 -0.0000000000
1	3	-1	-1	0	0.5655520000	 -0.0038690000
3	1	1	1	0	0.5655520000	 0.0038690000
1	4	1	-2	0	-0.0403880000	 0.0012990000
4	1	-1	2	0	-0.0403880000	 -0.0012990000
1	6	1	-1	0	0.1155440000	 -0.0020890000
6	1	-1	1	0	0.1155440000	 0.0020890000
2	2	1	-1	-1	0.0148040000	 0.0000000000
2	2	-1	1	1	0.0148040000	 -0.0000000000
2	3	-1	-1	0	-0.1080250000	 -0.0021860000
3	2	1	1	0	-0.1080250000	 0.0021860000
2	4	1	-2	0	0.1600690000	 -0.0008120000
4	2	-1	2	0	0.1600690000	 0.0008120000
2	6	1	-1	0	0.0761990000	 0.0006860000
6	2	-1	1	0	0.0761990000	 -0.0006860000
3	1	3	-1	-2	-0.0107300000	 -0.0000730000
1	3	-3	1	2	-0.0107300000	 0.0000730000
3	3	1	-1	-1	0.0142520000	 0.0000000000
3	3	-1	1	1	0.0142520000	 -0.0000000000
3	4	3	-2	-1	0.0098670000	 -0.0002500000
4	3	-3	2	1	0.0098670000	 0.0002500000
3	5	2	-1	-1	-0.0173780000	 0.0002740000
5	3	-2	1	1	-0.0173780000	 -0.0002740000
4	2	1	0	-2	-0.0382410000	 -0.0001940000
2	4	-1	0	2	-0.0382410000	 0.0001940000
4	3	-1	0	-1	-0.0693680000	 -0.0017560000
3	4	1	0	1	-0.0693680000	 0.0017560000
4	4	1	-1	-1	0.0142520000	 0.0000000000
4	4	-1	1	1	0.0142520000	 -0.0000000000
4	5	0	0	-1	0.0100250000	 0.0000960000
5	4	0	0	1	0.0100250000	 -0.0000960000
4	6	1	0	-1	-0.0147560000	 -0.0002080000
6	4	-1	0	1	-0.0147560000	 0.0002080000
5	1	2	-1	-2	-0.0132110000	 -0.0002980000
1	5	-2	1	2	-0.0132110000	 0.0002980000
5	2	2	-1	-2	-0.0132040000	 0.0000590000
2	5	-2	1	2	-0.0132040000	 -0.0000590000
5	3	0	-1	-1	0.0693820000	 0.0010920000
3	5	0	1	1	0.0693820000	 -0.0010920000
5	5	1	-1	-1	0.0529270000	 0.0000000000
5	5	-1	1	1	0.0529270000	 -0.0000000000
5	6	2	-1	-1	-0.0713400000	 -0.0003210000
6	5	-2	1	1	-0.0713400000	 0.0003210000
6	4	1	-2	-1	-0.0132430000	 0.0001860000
4	6	-1	2	1	-0.0132430000	 -0.0001860000
6	5	0	-1	-1	-0.0103500000	 0.0000470000
5	6	0	1	1	-0.0103500000	 -0.0000470000
6	6	1	-1	-1	0.0539020000	 0.0000000000
6	6	-1	1	1	0.0539020000	 -0.0000000000
1	1	1	-1	0	-0.2197310000	 0.0000000000
1	1	-1	1	0	-0.2197310000	 -0.0000000000
1	2	1	-1	0	0.0680260000	 -0.0018420000
2	1	-1	1	0	0.0680260000	 0.0018420000
1	3	-1	-1	1	0.5619480000	 -0.0038440000
3	1	1	1	-1	0.5619480000	 0.0038440000
1	4	1	-2	1	-0.0390620000	 0.0012560000
4	1	-1	2	-1	-0.0390620000	 -0.0012560000
1	5	0	-1	1	-0.0992760000	 0.0022420000
5	1	0	1	-1	-0.0992760000	 -0.0022420000
2	1	1	-1	0	-0.1152140000	 -0.0031200000
1	2	-1	1	0	-0.1152140000	 0.0031200000
2	2	1	-1	0	0.2847920000	 0.0000000000
2	2	-1	1	0	0.2847920000	 -0.0000000000
2	4	1	-2	1	-0.0713120000	 0.0003620000
4	2	-1	2	-1	-0.0713120000	 -0.0003620000
2	5	0	-1	1	-0.0147910000	 -0.0000660000
5	2	0	1	-1	-0.0147910000	 0.0000660000
3	1	3	-1	-1	0.0458550000	 0.0003140000
1	3	-3	1	1	0.0458550000	 -0.0003140000
3	3	1	-1	0	-1.7810870000	 0.0000000000
3	3	-1	1	0	-1.7810870000	 -0.0000000000
3	5	2	-1	0	-0.0202570000	 0.0003190000
5	3	-2	1	0	-0.0202570000	 -0.0003190000
4	1	1	0	-1	0.0993150000	 0.0031940000
1	4	-1	0	1	0.0993150000	 -0.0031940000
4	2	1	0	-1	0.1633610000	 0.0008290000
2	4	-1	0	1	0.1633610000	 -0.0008290000
4	3	-1	0	0	0.0129850000	 0.0003290000
3	4	1	0	0	0.0129850000	 -0.0003290000
4	4	1	-1	0	0.2852440000	 0.0000000000
4	4	-1	1	0	0.2852440000	 -0.0000000000
4	5	0	0	0	0.0698120000	 0.0006680000
5	4	0	0	0	0.0698120000	 -0.0006680000
5	1	2	-1	-1	0.0390350000	 0.0008820000
1	5	-2	1	1	0.0390350000	 -0.0008820000
5	2	2	-1	-1	-0.0164910000	 0.0000740000
2	5	-2	1	1	-0.0164910000	 -0.0000740000
5	3	0	-1	0	-0.0129960000	 -0.0002050000
3	5	0	1	0	-0.0129960000	 0.0002050000
5	4	2	-2	0	0.0970810000	 -0.0009290000
4	5	-2	2	0	0.0970810000	 0.0009290000
5	5	1	-1	0	0.2852460000	 0.0000000000
5	5	-1	1	0	0.2852460000	 -0.0000000000
5	6	2	-1	0	0.1600460000	 0.0007210000
6	5	-2	1	0	0.1600460000	 -0.0007210000
6	3	-1	-1	0	0.1077200000	 0.0012110000
3	6	1	1	0	0.1077200000	 -0.0012110000
6	5	0	-1	0	-0.0665960000	 0.0003000000
5	6	0	1	0	-0.0665960000	 -0.0003000000
6	6	1	-1	0	0.2848510000	 0.0000000000
6	6	-1	1	0	0.2848510000	 -0.0000000000
1	1	1	-1	1	0.0148030000	 0.0000000000
1	1	-1	1	-1	0.0148030000	 -0.0000000000
1	3	-1	-1	2	0.0198270000	 -0.0001360000
3	1	1	1	-2	0.0198270000	 0.0001360000
1	4	1	-2	2	0.0131970000	 -0.0004240000
4	1	-1	2	-2	0.0131970000	 0.0004240000
2	2	1	-1	1	0.0539020000	 0.0000000000
2	2	-1	1	-1	0.0539020000	 -0.0000000000
2	3	-1	-1	2	0.0267080000	 0.0005400000
3	2	1	1	-2	0.0267080000	 -0.0005400000
3	1	3	-1	0	0.0460490000	 0.0003150000
1	3	-3	1	0	0.0460490000	 -0.0003150000
3	2	3	-1	0	-0.0099900000	 0.0002020000
2	3	-3	1	0	-0.0099900000	 -0.0002020000
3	3	1	-1	1	0.0142530000	 0.0000000000
3	3	-1	1	-1	0.0142530000	 -0.0000000000
3	5	2	-1	1	0.0130590000	 -0.0002060000
5	3	-2	1	-1	0.0130590000	 0.0002060000
4	2	1	0	0	-0.0665960000	 -0.0003380000
2	4	-1	0	0	-0.0665960000	 0.0003380000
4	3	-1	0	1	0.1164450000	 0.0029480000
3	4	1	0	-1	0.1164450000	 -0.0029480000
4	4	1	-1	1	0.0529260000	 0.0000000000
4	4	-1	1	-1	0.0529260000	 -0.0000000000
4	5	0	0	1	0.0100240000	 0.0000960000
5	4	0	0	-1	0.0100240000	 -0.0000960000
5	1	2	-1	0	0.0404690000	 0.0009140000
1	5	-2	1	0	0.0404690000	 -0.0009140000
5	3	0	-1	1	-0.1164740000	 -0.0018340000
3	5	0	1	-1	-0.1164740000	 0.0018340000
5	5	1	-1	1	0.0142520000	 0.0000000000
5	5	-1	1	-1	0.0142520000	 -0.0000000000
5	6	2	-1	1	-0.0393270000	 -0.0001770000
6	5	-2	1	-1	-0.0393270000	 0.0001770000
6	1	1	-1	0	-0.0677990000	 -0.0012260000
1	6	-1	1	0	-0.0677990000	 0.0012260000
6	2	1	-1	0	0.1066990000	 -0.0009600000
2	6	-1	1	0	0.1066990000	 0.0009600000
6	4	1	-2	1	-0.0165030000	 0.0002320000
4	6	-1	2	-1	-0.0165030000	 -0.0002320000
6	5	0	-1	1	0.1634080000	 -0.0007360000
5	6	0	1	-1	0.1634080000	 0.0007360000
6	6	1	-1	1	0.0148030000	 0.0000000000
6	6	-1	1	-1	0.0148030000	 -0.0000000000
1	3	-1	-1	3	0.0281920000	 -0.0001930000
3	1	1	1	-3	0.0281920000	 0.0001930000
2	1	1	-1	2	-0.0152560000	 -0.0004130000
1	2	-1	1	-2	-0.0152560000	 0.0004130000
3	1	3	-1	1	-0.0102230000	 -0.0000700000
1	3	-3	1	-1	-0.0102230000	 0.0000700000
4	1	1	0	1	0.0243140000	 0.0007820000
1	4	-1	0	-1	0.0243140000	 -0.0007820000
4	2	1	0	1	-0.0103600000	 -0.0000530000
2	4	-1	0	-1	-0.0103600000	 0.0000530000
5	1	2	-1	1	0.0235410000	 0.0005320000
1	5	-2	1	-1	0.0235410000	 -0.0005320000
5	2	2	-1	1	-0.0132350000	 0.0000590000
2	5	-2	1	-1	-0.0132350000	 -0.0000590000
5	5	1	-1	2	0.0116700000	 0.0000000000
5	5	-1	1	-2	0.0116700000	 -0.0000000000
6	3	-1	-1	2	-0.0267090000	 -0.0003000000
3	6	1	1	-2	-0.0267090000	 0.0003000000
6	4	1	-2	2	-0.0132140000	 0.0001860000
4	6	-1	2	-2	-0.0132140000	 -0.0001860000
6	5	0	-1	2	-0.0382450000	 0.0001720000
5	6	0	1	-2	-0.0382450000	 -0.0001720000
6	6	1	-1	2	0.0125510000	 0.0000000000
6	6	-1	1	-2	0.0125510000	 -0.0000000000
6	1	1	-1	2	-0.0126140000	 -0.0002280000
1	6	-1	1	-2	-0.0126140000	 0.0002280000
1	1	1	0	-4	-0.0175020000	 0.0000000000
1	1	-1	0	4	-0.0175020000	 -0.0000000000
1	3	-1	0	-3	-0.0168240000	 0.0001150000
3	1	1	0	3	-0.0168240000	 -0.0001150000
1	1	1	0	-3	0.0432260000	 0.0000000000
1	1	-1	0	3	0.0432260000	 -0.0000000000
1	3	-1	0	-2	0.0444610000	 -0.0003040000
3	1	1	0	2	0.0444610000	 0.0003040000
2	4	1	-1	-2	0.0220740000	 -0.0001120000
4	2	-1	1	2	0.0220740000	 0.0001120000
2	5	0	0	-2	-0.0263620000	 -0.0001180000
5	2	0	0	2	-0.0263620000	 0.0001180000
1	1	1	0	-2	-0.0859760000	 0.0000000000
1	1	-1	0	2	-0.0859760000	 -0.0000000000
1	2	1	0	-2	-0.0722770000	 0.0019570000
2	1	-1	0	2	-0.0722770000	 -0.0019570000
1	3	-1	0	-1	-0.1619300000	 0.0011080000
3	1	1	0	1	-0.1619300000	 -0.0011080000
1	4	1	-1	-1	-0.0377470000	 0.0012140000
4	1	-1	1	1	-0.0377470000	 -0.0012140000
1	5	0	0	-1	-0.1040780000	 0.0023510000
5	1	0	0	1	-0.1040780000	 -0.0023510000
2	1	1	0	-2	-0.0722930000	 -0.0019580000
1	2	-1	0	2	-0.0722930000	 0.0019580000
2	2	1	0	-2	-0.0859230000	 0.0000000000
2	2	-1	0	2	-0.0859230000	 -0.0000000000
2	3	-1	0	-1	0.0409980000	 0.0008300000
3	2	1	0	1	0.0409980000	 -0.0008300000
2	4	1	-1	-1	0.1619300000	 -0.0008220000
4	2	-1	1	1	0.1619300000	 0.0008220000
2	5	0	0	-1	-0.1040330000	 -0.0004670000
5	2	0	0	1	-0.1040330000	 0.0004670000
3	6	3	0	-2	0.0260600000	 -0.0002930000
6	3	-3	0	2	0.0260600000	 0.0002930000
4	5	0	1	-2	0.0158220000	 0.0001510000
5	4	0	-1	2	0.0158220000	 -0.0001510000
4	6	1	1	-2	0.0267110000	 0.0003760000
6	4	-1	-1	2	0.0267110000	 -0.0003760000
5	5	1	0	-2	0.0449990000	 0.0000000000
5	5	-1	0	2	0.0449990000	 -0.0000000000
5	6	2	0	-2	-0.0196830000	 -0.0000890000
6	5	-2	0	2	-0.0196830000	 0.0000890000
1	1	1	0	-1	0.2851730000	 0.0000000000
1	1	-1	0	1	0.2851730000	 -0.0000000000
1	2	1	0	-1	-0.0426600000	 0.0011550000
2	1	-1	0	1	-0.0426600000	 -0.0011550000
1	3	-1	0	0	0.5638620000	 -0.0038570000
3	1	1	0	0	0.5638620000	 0.0038570000
1	4	1	-1	0	0.1076680000	 -0.0034630000
4	1	-1	1	0	0.1076680000	 0.0034630000
1	5	0	0	0	-0.0137210000	 0.0003100000
5	1	0	0	0	-0.0137210000	 -0.0003100000
1	6	1	0	0	-0.0680400000	 0.0012300000
6	1	-1	0	0	-0.0680400000	 -0.0012300000
2	2	1	0	-1	-1.7806910000	 0.0000000000
2	2	-1	0	1	-1.7806910000	 -0.0000000000
2	3	-1	0	0	-0.0137230000	 -0.0002780000
3	2	1	0	0	-0.0137230000	 0.0002780000
2	4	1	-1	0	-0.5655590000	 0.0028700000
4	2	-1	1	0	-0.5655590000	 -0.0028700000
2	5	0	0	0	0.0174060000	 0.0000780000
5	2	0	0	0	0.0174060000	 -0.0000780000
2	6	1	0	0	0.1155630000	 0.0010400000
6	2	-1	0	0	0.1155630000	 -0.0010400000
3	1	3	0	-2	-0.0214300000	 -0.0001470000
1	3	-3	0	2	-0.0214300000	 0.0001470000
3	3	1	0	-1	0.2850170000	 0.0000000000
3	3	-1	0	1	0.2850170000	 -0.0000000000
3	4	3	-1	-1	-0.0145820000	 0.0003690000
4	3	-3	1	1	-0.0145820000	 -0.0003690000
3	6	3	0	-1	0.0131890000	 -0.0001480000
6	3	-3	0	1	0.0131890000	 0.0001480000
4	1	1	1	-2	-0.0266970000	 -0.0008590000
1	4	-1	-1	2	-0.0266970000	 0.0008590000
4	2	1	1	-2	-0.0198270000	 -0.0001010000
2	4	-1	-1	2	-0.0198270000	 0.0001010000
4	4	1	0	-1	-0.2200700000	 0.0000000000
4	4	-1	0	1	-0.2200700000	 -0.0000000000
4	5	0	1	-1	0.1164840000	 0.0011140000
5	4	0	-1	1	0.1164840000	 -0.0011140000
4	6	1	1	-1	-0.0992920000	 -0.0013970000
6	4	-1	-1	1	-0.0992920000	 0.0013970000
5	1	2	0	-2	-0.0254130000	 -0.0005740000
1	5	-2	0	2	-0.0254130000	 0.0005740000
5	3	0	0	-1	-0.1164720000	 -0.0018340000
3	5	0	0	1	-0.1164720000	 0.0018340000
5	4	2	-1	-1	-0.0693850000	 0.0006640000
4	5	-2	1	1	-0.0693850000	 -0.0006640000
5	5	1	0	-1	0.2850270000	 0.0000000000
5	5	-1	0	1	0.2850270000	 -0.0000000000
5	6	2	0	-1	0.1662110000	 0.0007490000
6	5	-2	0	1	0.1662110000	 -0.0007490000
6	1	1	0	-2	0.0344870000	 0.0006240000
1	6	-1	0	2	0.0344870000	 -0.0006240000
6	2	1	0	-2	0.0344770000	 -0.0003100000
2	6	-1	0	2	0.0344770000	 0.0003100000
6	3	-1	0	-1	-0.0377700000	 -0.0004240000
3	6	1	0	1	-0.0377700000	 0.0004240000
6	4	1	-1	-1	0.0409970000	 -0.0005770000
4	6	-1	1	1	0.0409970000	 0.0005770000
6	5	0	0	-1	-0.0750990000	 0.0003380000
5	6	0	0	1	-0.0750990000	 -0.0003380000
6	6	1	0	-1	0.2851890000	 0.0000000000
6	6	-1	0	1	0.2851890000	 -0.0000000000
1	1	1	0	0	0.2847890000	 0.0000000000
1	1	-1	0	0	0.2847890000	 -0.0000000000
1	2	1	0	0	-0.1066600000	 0.0028880000
2	1	-1	0	0	-0.1066600000	 -0.0028880000
1	3	-1	0	1	-0.1634110000	 0.0011180000
3	1	1	0	-1	-0.1634110000	 -0.0011180000
1	4	1	-1	1	0.0164820000	 -0.0005300000
4	1	-1	1	-1	0.0164820000	 0.0005300000
1	5	0	0	1	-0.1258280000	 0.0028420000
5	1	0	0	-1	-0.1258280000	 -0.0028420000
1	6	1	0	1	-0.0146180000	 0.0002640000
6	1	-1	0	-1	-0.0146180000	 -0.0002640000
2	1	1	0	0	-0.0761730000	 -0.0020630000
1	2	-1	0	0	-0.0761730000	 0.0020630000
2	2	1	0	0	0.2848510000	 0.0000000000
2	2	-1	0	0	0.2848510000	 -0.0000000000
2	3	-1	0	1	-0.0992830000	 -0.0020090000
3	2	1	0	-1	-0.0992830000	 0.0020090000
2	4	1	-1	1	-0.0713400000	 0.0003620000
4	2	-1	1	-1	-0.0713400000	 -0.0003620000
2	5	0	0	1	-0.1051300000	 -0.0004720000
5	2	0	0	-1	-0.1051300000	 0.0004720000
2	6	1	0	1	0.0176620000	 0.0001590000
6	2	-1	0	-1	0.0176620000	 -0.0001590000
3	1	3	0	-1	-0.0341510000	 -0.0002340000
1	3	-3	0	1	-0.0341510000	 0.0002340000
3	2	3	0	-1	0.0168130000	 -0.0003400000
2	3	-3	0	1	0.0168130000	 0.0003400000
3	3	1	0	0	0.2852410000	 0.0000000000
3	3	-1	0	0	0.2852410000	 -0.0000000000
3	5	2	0	0	-0.0715440000	 0.0011260000
5	3	-2	0	0	-0.0715440000	 -0.0011260000
4	1	1	1	-1	0.0147790000	 0.0004750000
1	4	-1	-1	1	0.0147790000	 -0.0004750000
4	2	1	1	-1	0.1634120000	 0.0008290000
2	4	-1	-1	1	0.1634120000	 -0.0008290000
4	4	1	0	0	0.2852490000	 0.0000000000
4	4	-1	0	0	0.2852490000	 -0.0000000000
4	6	1	1	0	0.0262670000	 0.0003700000
6	4	-1	-1	0	0.0262670000	 -0.0003700000
5	1	2	0	-1	-0.1050820000	 -0.0023740000
1	5	-2	0	1	-0.1050820000	 0.0023740000
5	2	2	0	-1	-0.1259040000	 0.0005650000
2	5	-2	0	1	-0.1259040000	 -0.0005650000
5	3	0	0	0	-0.0698060000	 -0.0010990000
3	5	0	0	0	-0.0698060000	 0.0010990000
5	4	2	-1	0	0.0416690000	 -0.0003990000
4	5	-2	1	0	0.0416690000	 0.0003990000
5	5	1	0	0	-1.7810870000	 0.0000000000
5	5	-1	0	0	-1.7810870000	 -0.0000000000
5	6	2	0	0	-0.0199930000	 -0.0000900000
6	5	-2	0	0	-0.0199930000	 0.0000900000
6	2	1	0	-1	0.0416880000	 -0.0003750000
2	6	-1	0	1	0.0416880000	 0.0003750000
6	3	-1	0	0	-0.0173950000	 -0.0001950000
3	6	1	0	0	-0.0173950000	 0.0001950000
6	4	1	-1	0	-0.1080390000	 0.0015200000
4	6	-1	1	0	-0.1080390000	 -0.0015200000
6	5	0	0	0	-0.5638600000	 0.0025410000
5	6	0	0	0	-0.5638600000	 -0.0025410000
6	6	1	0	0	-0.2197300000	 0.0000000000
6	6	-1	0	0	-0.2197300000	 -0.0000000000
1	1	1	0	1	-0.0851070000	 0.0000000000
1	1	-1	0	-1	-0.0851070000	 -0.0000000000
1	3	-1	0	2	0.0478030000	 -0.0003270000
3	1	1	0	-2	0.0478030000	 0.0003270000
1	4	1	-1	2	0.0115880000	 -0.0003730000
4	1	-1	1	-2	0.0115880000	 0.0003730000
2	1	1	0	1	-0.0258750000	 -0.0007010000
1	2	-1	0	-1	-0.0258750000	 0.0007010000
2	2	1	0	1	0.0437610000	 0.0000000000
2	2	-1	0	-1	0.0437610000	 -0.0000000000
2	5	0	0	2	-0.0260630000	 -0.0001170000
5	2	0	0	-2	-0.0260630000	 0.0001170000
3	1	3	0	0	-0.0207690000	 -0.0001420000
1	3	-3	0	0	-0.0207690000	 0.0001420000
3	5	2	0	1	-0.0098690000	 0.0001550000
5	3	-2	0	-1	-0.0098690000	 -0.0001550000
4	2	1	1	0	-0.0177270000	 -0.0000900000
2	4	-1	-1	0	-0.0177270000	 0.0000900000
4	3	-1	1	1	-0.0325220000	 -0.0008230000
3	4	1	-1	-1	-0.0325220000	 0.0008230000
5	1	2	0	0	-0.0554970000	 -0.0012540000
1	5	-2	0	0	-0.0554970000	 0.0012540000
5	3	0	0	1	-0.0145130000	 -0.0002290000
3	5	0	0	-1	-0.0145130000	 0.0002290000
5	4	2	-1	1	0.0312490000	 -0.0002990000
4	5	-2	1	-1	0.0312490000	 0.0002990000
5	5	1	0	1	-0.0865970000	 0.0000000000
5	5	-1	0	-1	-0.0865970000	 -0.0000000000
6	1	1	0	0	0.1152350000	 0.0020830000
1	6	-1	0	0	0.1152350000	 -0.0020830000
6	2	1	0	0	-0.0678040000	 0.0006100000
2	6	-1	0	0	-0.0678040000	 -0.0006100000
6	3	-1	0	1	0.0147920000	 0.0001660000
3	6	1	0	-1	0.0147920000	 -0.0001660000
6	4	1	-1	1	0.0390440000	 -0.0005490000
4	6	-1	1	-1	0.0390440000	 0.0005490000
6	5	0	0	1	0.1662220000	 -0.0007490000
5	6	0	0	-1	0.1662220000	 0.0007490000
1	1	1	0	2	0.0433750000	 0.0000000000
1	1	-1	0	-2	0.0433750000	 -0.0000000000
1	3	-1	0	3	-0.0167890000	 0.0001150000
3	1	1	0	-3	-0.0167890000	 -0.0001150000
1	5	0	0	3	-0.0108240000	 0.0002440000
5	1	0	0	-3	-0.0108240000	 -0.0002440000
4	1	1	1	1	0.0167750000	 0.0005390000
1	4	-1	-1	-1	0.0167750000	 -0.0005390000
5	1	2	0	1	-0.0217830000	 -0.0004920000
1	5	-2	0	-1	-0.0217830000	 0.0004920000
6	1	1	0	1	-0.0299990000	 -0.0005420000
1	6	-1	0	-1	-0.0299990000	 0.0005420000
6	2	1	0	1	-0.0100310000	 0.0000900000
2	6	-1	0	-1	-0.0100310000	 -0.0000900000
6	5	0	0	2	0.0214310000	 -0.0000970000
5	6	0	0	-2	0.0214310000	 0.0000970000
1	1	1	0	3	-0.0172490000	 0.0000000000
1	1	-1	0	-3	-0.0172490000	 -0.0000000000
1	1	1	1	-3	-0.0118490000	 0.0000000000
1	1	-1	-1	3	-0.0118490000	 -0.0000000000
1	3	-1	1	-2	-0.0220740000	 0.0001510000
3	1	1	-1	2	-0.0220740000	 -0.0001510000
1	4	1	0	-2	0.0144120000	 -0.0004630000
4	1	-1	0	2	0.0144120000	 0.0004630000
1	5	0	1	-2	-0.0144070000	 0.0003250000
5	1	0	-1	2	-0.0144070000	 -0.0003250000
1	6	1	1	-2	0.0344740000	 -0.0006230000
6	1	-1	-1	2	0.0344740000	 0.0006230000
2	2	1	1	-3	-0.0118490000	 0.0000000000
2	2	-1	-1	3	-0.0118490000	 -0.0000000000
2	4	1	0	-2	0.0366710000	 -0.0001860000
4	2	-1	0	2	0.0366710000	 0.0001860000
2	5	0	1	-2	-0.0144210000	 -0.0000650000
5	2	0	-1	2	-0.0144210000	 0.0000650000
2	6	1	1	-2	0.0723040000	 0.0006500000
6	2	-1	-1	2	0.0723040000	 -0.0006500000
6	6	1	1	-3	-0.0118500000	 0.0000000000
6	6	-1	-1	3	-0.0118500000	 -0.0000000000
1	2	1	1	-2	-0.0344820000	 0.0009340000
2	1	-1	-1	2	-0.0344820000	 -0.0009340000
1	3	-1	1	-1	0.0212530000	 -0.0001450000
3	1	1	-1	1	0.0212530000	 0.0001450000
1	4	1	0	-1	-0.0408880000	 0.0013150000
4	1	-1	0	1	-0.0408880000	 -0.0013150000
1	5	0	1	-1	0.0409910000	 -0.0009260000
5	1	0	-1	1	0.0409910000	 0.0009260000
2	2	1	1	-2	-0.0859780000	 0.0000000000
2	2	-1	-1	2	-0.0859780000	 -0.0000000000
2	3	-1	1	-1	-0.0227310000	 -0.0004600000
3	2	1	-1	1	-0.0227310000	 0.0004600000
2	4	1	0	-1	0.1619190000	 -0.0008220000
4	2	-1	0	1	0.1619190000	 0.0008220000
2	5	0	1	-1	0.0377630000	 0.0001700000
5	2	0	-1	1	0.0377630000	 -0.0001700000
3	3	1	1	-2	0.0449980000	 0.0000000000
3	3	-1	-1	2	0.0449980000	 -0.0000000000
5	6	2	1	-2	-0.0382420000	 -0.0001720000
6	5	-2	-1	2	-0.0382420000	 0.0001720000
6	4	1	0	-2	-0.0144070000	 0.0002030000
4	6	-1	0	2	-0.0144070000	 -0.0002030000
6	5	0	1	-2	0.0366740000	 -0.0001650000
5	6	0	-1	2	0.0366740000	 0.0001650000
6	6	1	1	-2	-0.0859270000	 0.0000000000
6	6	-1	-1	2	-0.0859270000	 -0.0000000000
1	1	1	1	-1	0.0539020000	 0.0000000000
1	1	-1	-1	1	0.0539020000	 -0.0000000000
1	3	-1	1	0	0.0177290000	 -0.0001210000
3	1	1	-1	0	0.0177290000	 0.0001210000
2	2	1	1	-1	0.0148030000	 0.0000000000
2	2	-1	-1	1	0.0148030000	 -0.0000000000
2	3	-1	1	0	0.0262650000	 0.0005320000
3	2	1	-1	0	0.0262650000	 -0.0005320000
2	4	1	0	0	0.1600460000	 -0.0008120000
4	2	-1	0	0	0.1600460000	 0.0008120000
2	5	0	1	0	0.0404080000	 0.0001810000
5	2	0	-1	0	0.0404080000	 -0.0001810000
3	2	3	1	-2	-0.0115920000	 0.0002350000
2	3	-3	-1	2	-0.0115920000	 -0.0002350000
3	3	1	1	-1	0.0529260000	 0.0000000000
3	3	-1	-1	1	0.0529260000	 -0.0000000000
3	5	2	1	-1	-0.0312470000	 0.0004920000
5	3	-2	-1	1	-0.0312470000	 -0.0004920000
4	2	1	2	-2	-0.0382460000	 -0.0001940000
2	4	-1	-2	2	-0.0382460000	 0.0001940000
4	4	1	1	-1	0.0142520000	 0.0000000000
4	4	-1	-1	1	0.0142520000	 -0.0000000000
5	3	0	1	-1	-0.0145110000	 -0.0002280000
3	5	0	-1	1	-0.0145110000	 0.0002280000
5	5	1	1	-1	0.0142530000	 0.0000000000
5	5	-1	-1	1	0.0142530000	 -0.0000000000
5	6	2	1	-1	-0.0352640000	 -0.0001590000
6	5	-2	-1	1	-0.0352640000	 0.0001590000
6	2	1	1	-2	0.0723150000	 -0.0006510000
2	6	-1	-1	2	0.0723150000	 0.0006510000
6	3	-1	1	-1	0.0533240000	 0.0005990000
3	6	1	-1	1	0.0533240000	 -0.0005990000
6	4	1	0	-1	0.0378660000	 -0.0005330000
4	6	-1	0	1	0.0378660000	 0.0005330000
6	5	0	1	-1	0.1619370000	 -0.0007300000
5	6	0	-1	1	0.1619370000	 0.0007300000
6	6	1	1	-1	0.0148040000	 0.0000000000
6	6	-1	-1	1	0.0148040000	 -0.0000000000
1	3	-1	1	1	-0.0200590000	 0.0001370000
3	1	1	-1	-1	-0.0200590000	 -0.0001370000
1	4	1	0	1	-0.0167950000	 0.0005400000
4	1	-1	0	-1	-0.0167950000	 -0.0005400000
1	5	0	1	1	0.0168120000	 -0.0003800000
5	1	0	-1	-1	0.0168120000	 0.0003800000
2	1	1	1	0	-0.0139940000	 -0.0003790000
1	2	-1	-1	0	-0.0139940000	 0.0003790000
2	4	1	0	1	0.0341680000	 -0.0001730000
4	2	-1	0	-1	0.0341680000	 0.0001730000
2	5	0	1	1	-0.0131890000	 -0.0000590000
5	2	0	-1	-1	-0.0131890000	 0.0000590000
3	3	1	1	0	0.0420960000	 0.0000000000
3	3	-1	-1	0	0.0420960000	 -0.0000000000
3	4	3	0	0	0.0269720000	 -0.0006830000
4	3	-3	0	0	0.0269720000	 0.0006830000
4	1	1	2	-1	0.0290840000	 0.0009350000
1	4	-1	-2	1	0.0290840000	 -0.0009350000
4	2	1	2	-1	-0.0352790000	 -0.0001790000
2	4	-1	-2	1	-0.0352790000	 0.0001790000
4	3	-1	2	0	0.0202520000	 0.0005130000
3	4	1	-2	0	0.0202520000	 -0.0005130000
4	4	1	1	0	-0.0840460000	 0.0000000000
4	4	-1	-1	0	-0.0840460000	 -0.0000000000
4	5	0	2	0	0.0715480000	 0.0006840000
5	4	0	-2	0	0.0715480000	 -0.0006840000
5	1	2	1	-1	-0.0291110000	 -0.0006580000
1	5	-2	-1	1	-0.0291110000	 0.0006580000
5	3	0	1	0	-0.0226480000	 -0.0003570000
3	5	0	-1	0	-0.0226480000	 0.0003570000
5	4	2	0	0	0.0715500000	 -0.0006840000
4	5	-2	0	0	0.0715500000	 0.0006840000
5	5	1	1	0	-0.0840430000	 0.0000000000
5	5	-1	-1	0	-0.0840430000	 -0.0000000000
6	4	1	0	0	0.0404730000	 -0.0005700000
4	6	-1	0	0	0.0404730000	 0.0005700000
6	5	0	1	0	0.1600670000	 -0.0007210000
5	6	0	-1	0	0.1600670000	 0.0007210000
1	1	1	1	1	-0.0123690000	 0.0000000000
1	1	-1	-1	-1	-0.0123690000	 -0.0000000000
4	1	1	2	0	0.0170560000	 0.0005490000
1	4	-1	-2	0	0.0170560000	 -0.0005490000
4	4	1	1	1	-0.0121860000	 0.0000000000
4	4	-1	-1	-1	-0.0121860000	 -0.0000000000
5	1	2	1	0	-0.0170570000	 -0.0003850000
1	5	-2	-1	0	-0.0170570000	 0.0003850000
5	5	1	1	1	-0.0121860000	 0.0000000000
5	5	-1	-1	-1	-0.0121860000	 -0.0000000000
6	1	1	1	0	0.0139880000	 0.0002530000
1	6	-1	-1	0	0.0139880000	 -0.0002530000
6	4	1	0	1	-0.0131640000	 0.0001850000
4	6	-1	0	-1	-0.0131640000	 -0.0001850000
6	5	0	1	1	0.0341540000	 -0.0001540000
5	6	0	-1	-1	0.0341540000	 0.0001540000
2	4	1	1	-2	0.0220770000	 -0.0001120000
4	2	-1	-1	2	0.0220770000	 0.0001120000
6	5	0	2	-3	-0.0192160000	 0.0000870000
5	6	0	-2	3	-0.0192160000	 -0.0000870000
6	6	1	2	-3	0.0432250000	 0.0000000000
6	6	-1	-2	3	0.0432250000	 -0.0000000000
1	4	1	1	-1	0.0132290000	 -0.0004250000
4	1	-1	-1	1	0.0132290000	 0.0004250000
2	2	1	2	-2	0.0125510000	 0.0000000000
2	2	-1	-2	2	0.0125510000	 -0.0000000000
2	4	1	1	-1	-0.0393250000	 0.0002000000
4	2	-1	-1	1	-0.0393250000	 -0.0002000000
4	4	1	2	-2	0.0116700000	 0.0000000000
4	4	-1	-2	2	0.0116700000	 -0.0000000000
5	6	2	2	-2	0.0096780000	 0.0000440000
6	5	-2	-2	2	0.0096780000	 -0.0000440000
6	5	0	2	-2	-0.0444610000	 0.0002000000
5	6	0	-2	2	-0.0444610000	 -0.0002000000
1	4	1	1	0	0.0099600000	 -0.0003200000
4	1	-1	-1	0	0.0099600000	 0.0003200000
2	4	1	1	0	-0.0460500000	 0.0002340000
4	2	-1	-1	0	-0.0460500000	 -0.0002340000
4	2	1	3	-2	0.0107310000	 0.0000540000
2	4	-1	-3	2	0.0107310000	 -0.0000540000
4	5	0	3	-1	0.0098700000	 0.0000940000
5	4	0	-3	1	0.0098700000	 -0.0000940000
5	4	2	1	-1	-0.0130600000	 0.0001250000
4	5	-2	-1	1	-0.0130600000	 -0.0001250000
5	5	1	2	-1	0.0120960000	 0.0000000000
5	5	-1	-2	1	0.0120960000	 -0.0000000000
6	1	1	2	-2	0.0152580000	 0.0002760000
1	6	-1	-2	2	0.0152580000	 -0.0002760000
6	2	1	2	-2	-0.0126140000	 0.0001130000
2	6	-1	-2	2	-0.0126140000	 -0.0001130000
6	3	-1	2	-1	0.0167830000	 0.0001890000
3	6	1	-2	1	0.0167830000	 -0.0001890000
6	4	1	1	-1	0.0235440000	 -0.0003310000
4	6	-1	-1	1	0.0235440000	 0.0003310000
6	5	0	2	-1	-0.0363780000	 0.0001640000
5	6	0	-2	1	-0.0363780000	 -0.0001640000
6	6	1	2	-1	0.0110870000	 0.0000000000
6	6	-1	-2	1	0.0110870000	 -0.0000000000
2	4	1	1	1	-0.0189190000	 0.0000960000
4	2	-1	-1	-1	-0.0189190000	 -0.0000960000
4	4	1	2	0	0.0426830000	 0.0000000000
4	4	-1	-2	0	0.0426830000	 -0.0000000000
6	5	0	2	0	0.0207690000	 -0.0000940000
5	6	0	-2	0	0.0207690000	 0.0000940000
6	6	1	3	-4	-0.0174980000	 0.0000000000
6	6	-1	-3	4	-0.0174980000	 -0.0000000000
6	5	0	3	-3	0.0168240000	 -0.0000760000
5	6	0	-3	3	0.0168240000	 0.0000760000
2	4	1	2	0	0.0167070000	 -0.0000850000
4	2	-1	-2	0	0.0167070000	 0.0000850000
4	4	1	3	0	-0.0170420000	 0.0000000000
4	4	-1	-3	0	-0.0170420000	 -0.0000000000
6	3	0	-4	3	0.0108250000	 0.0001220000
3	6	0	4	-3	0.0108250000	 -0.0001220000
1	3	0	-3	0	-0.0207740000	 0.0001420000
3	1	0	3	0	-0.0207740000	 -0.0001420000
4	3	0	-2	-1	0.0098660000	 0.0002500000
3	4	0	2	1	0.0098660000	 -0.0002500000
1	3	0	-3	1	-0.0341700000	 0.0002340000
3	1	0	3	-1	-0.0341700000	 -0.0002340000
2	3	0	-3	1	-0.0131620000	 -0.0002660000
3	2	0	3	-1	-0.0131620000	 0.0002660000
3	3	2	-3	0	0.0426850000	 0.0000000000
3	3	-2	3	0	0.0426850000	 -0.0000000000
4	3	0	-2	0	0.0715310000	 0.0018110000
3	4	0	2	0	0.0715310000	 -0.0018110000
1	3	0	-3	2	-0.0214440000	 0.0001470000
3	1	0	3	-2	-0.0214440000	 -0.0001470000
2	3	0	-3	2	-0.0260470000	 -0.0005270000
3	2	0	3	-2	-0.0260470000	 0.0005270000
3	3	2	-3	1	0.0440580000	 0.0000000000
3	3	-2	3	-1	0.0440580000	 -0.0000000000
5	3	1	-3	1	0.0145840000	 0.0002300000
3	5	-1	3	-1	0.0145840000	 -0.0002300000
6	3	0	-3	1	-0.0168030000	 -0.0001890000
3	6	0	3	-1	-0.0168030000	 0.0001890000
1	3	0	-2	-1	0.0363800000	 -0.0002490000
3	1	0	2	1	0.0363800000	 0.0002490000
2	4	2	-3	-1	0.0102240000	 -0.0000520000
4	2	-2	3	1	0.0102240000	 0.0000520000
1	3	0	-2	0	-0.1600490000	 0.0010950000
3	1	0	2	0	-0.1600490000	 -0.0010950000
2	2	2	-2	-1	0.0110870000	 0.0000000000
2	2	-2	2	1	0.0110870000	 -0.0000000000
2	3	0	-2	0	0.0404730000	 0.0008190000
3	2	0	2	0	0.0404730000	 -0.0008190000
2	4	2	-3	0	0.0207690000	 -0.0001050000
4	2	-2	3	0	0.0207690000	 0.0001050000
2	6	2	-2	0	0.0215500000	 0.0001940000
6	2	-2	2	0	0.0215500000	 -0.0001940000
4	2	2	-1	-2	0.0096780000	 0.0000490000
2	4	-2	1	2	0.0096780000	 -0.0000490000
4	4	2	-2	-1	0.0120960000	 0.0000000000
4	4	-2	2	1	0.0120960000	 -0.0000000000
1	3	0	-2	1	-0.1662130000	 0.0011370000
3	1	0	2	-1	-0.1662130000	 -0.0011370000
2	3	0	-2	1	-0.1050860000	 -0.0021270000
3	2	0	2	-1	-0.1050860000	 0.0021270000
3	1	4	-2	-1	-0.0169970000	 -0.0001160000
1	3	-4	2	1	-0.0169970000	 0.0001160000
3	2	4	-2	-1	-0.0107740000	 0.0002180000
2	3	-4	2	1	-0.0107740000	 -0.0002180000
3	3	2	-2	0	0.1768230000	 0.0000000000
3	3	-2	2	0	0.1768230000	 -0.0000000000
4	2	2	-1	-1	0.0200600000	 0.0001020000
2	4	-2	1	1	0.0200600000	 -0.0001020000
4	5	1	-1	0	0.0226500000	 0.0002170000
5	4	-1	1	0	0.0226500000	 -0.0002170000
5	3	1	-2	0	-0.0416750000	 -0.0006560000
3	5	-1	2	0	-0.0416750000	 0.0006560000
5	4	3	-3	0	0.0269780000	 -0.0002580000
4	5	-3	3	0	0.0269780000	 0.0002580000
5	6	3	-2	0	0.0207750000	 0.0000940000
6	5	-3	2	0	0.0207750000	 -0.0000940000
1	3	0	-2	2	0.0382440000	 -0.0002620000
3	1	0	2	-2	0.0382440000	 0.0002620000
3	1	4	-2	0	-0.0167090000	 -0.0001140000
1	3	-4	2	0	-0.0167090000	 0.0001140000
4	3	0	-1	1	0.0100230000	 0.0002540000
3	4	0	1	-1	0.0100230000	 -0.0002540000
5	5	2	-2	1	0.0120960000	 0.0000000000
5	5	-2	2	-1	0.0120960000	 -0.0000000000
5	6	3	-2	1	0.0102220000	 0.0000460000
6	5	-3	2	-1	0.0102220000	 -0.0000460000
6	2	2	-2	0	0.0266090000	 -0.0002390000
2	6	-2	2	0	0.0266090000	 0.0002390000
6	3	0	-2	1	0.1258930000	 0.0014150000
3	6	0	2	-1	0.1258930000	 -0.0014150000
6	5	1	-2	1	0.0200590000	 -0.0000900000
5	6	-1	2	-1	0.0200590000	 0.0000900000
6	6	2	-2	1	0.0110910000	 0.0000000000
6	6	-2	2	-1	0.0110910000	 -0.0000000000
6	5	1	-2	2	0.0096750000	 -0.0000440000
5	6	-1	2	-2	0.0096750000	 0.0000440000
1	3	0	-1	-3	-0.0168230000	 0.0001150000
3	1	0	1	3	-0.0168230000	 -0.0001150000
1	3	0	-1	-2	0.0444520000	 -0.0003040000
3	1	0	1	2	0.0444520000	 0.0003040000
2	4	2	-2	-2	0.0111580000	 -0.0000570000
4	2	-2	2	2	0.0111580000	 0.0000570000
2	6	2	-1	-2	0.0152610000	 0.0001370000
6	2	-2	1	2	0.0152610000	 -0.0001370000
1	1	2	-1	-2	0.0125510000	 0.0000000000
1	1	-2	1	2	0.0125510000	 -0.0000000000
1	3	0	-1	-1	-0.1619160000	 0.0011080000
3	1	0	1	1	-0.1619160000	 -0.0011080000
1	6	2	-1	-1	0.0176580000	 -0.0003190000
6	1	-2	1	1	0.0176580000	 0.0003190000
2	1	2	-1	-2	0.0126110000	 0.0003420000
1	2	-2	1	2	0.0126110000	 -0.0003420000
2	3	0	-1	-1	0.0378560000	 0.0007660000
3	2	0	1	1	0.0378560000	 -0.0007660000
2	4	2	-2	-1	-0.0363790000	 0.0001850000
4	2	-2	2	1	-0.0363790000	 -0.0001850000
2	5	1	-1	-1	-0.0243250000	 -0.0001090000
5	2	-1	1	1	-0.0243250000	 0.0001090000
2	6	2	-1	-1	0.0258830000	 0.0002330000
6	2	-2	1	1	0.0258830000	 -0.0002330000
3	3	2	-1	-2	0.0116700000	 0.0000000000
3	3	-2	1	2	0.0116700000	 -0.0000000000
1	2	2	-1	-1	0.0146150000	 -0.0003960000
2	1	-2	1	1	0.0146150000	 0.0003960000
1	3	0	-1	0	0.5638680000	 -0.0038570000
3	1	0	1	0	0.5638680000	 0.0038570000
1	5	1	-1	0	0.0262650000	 -0.0005930000
5	1	-1	1	0	0.0262650000	 0.0005930000
2	1	2	-1	-1	0.0299920000	 0.0008120000
1	2	-2	1	1	0.0299920000	 -0.0008120000
2	2	2	-1	-1	-0.0851090000	 0.0000000000
2	2	-2	1	1	-0.0851090000	 -0.0000000000
2	3	0	-1	0	0.0171050000	 0.0003460000
3	2	0	1	0	0.0171050000	 -0.0003460000
2	4	2	-2	0	-0.0190950000	 0.0000970000
4	2	-2	2	0	-0.0190950000	 -0.0000970000
2	6	2	-1	0	0.0139990000	 0.0001260000
6	2	-2	1	0	0.0139990000	 -0.0001260000
3	3	2	-1	-1	-0.0865930000	 0.0000000000
3	3	-2	1	1	-0.0865930000	 -0.0000000000
4	2	2	0	-2	-0.0478000000	 -0.0002430000
2	4	-2	0	2	-0.0478000000	 0.0002430000
4	3	0	0	-1	0.1164420000	 0.0029480000
3	4	0	0	1	0.1164420000	 -0.0029480000
4	5	1	0	-1	0.0145140000	 0.0001390000
5	4	-1	0	1	0.0145140000	 -0.0001390000
4	6	2	0	-1	-0.0136910000	 -0.0001930000
6	4	-2	0	1	-0.0136910000	 0.0001930000
5	2	3	-1	-2	-0.0115940000	 0.0000520000
2	5	-3	1	2	-0.0115940000	 -0.0000520000
5	6	3	-1	-1	0.0341690000	 0.0001540000
6	5	-3	1	1	0.0341690000	 -0.0001540000
6	3	0	-1	-1	-0.0409010000	 -0.0004600000
3	6	0	1	1	-0.0409010000	 0.0004600000
6	5	1	-1	-1	-0.0103600000	 0.0000470000
5	6	-1	1	1	-0.0103600000	 -0.0000470000
6	6	2	-1	-1	0.0437620000	 0.0000000000
6	6	-2	1	1	0.0437620000	 -0.0000000000
1	3	0	-1	1	-0.1633570000	 0.0011170000
3	1	0	1	-1	-0.1633570000	 -0.0011170000
2	1	2	-1	0	-0.0139850000	 -0.0003790000
1	2	-2	1	0	-0.0139850000	 0.0003790000
2	3	0	-1	1	-0.0147490000	 -0.0002980000
3	2	0	1	-1	-0.0147490000	 0.0002980000
2	4	2	-2	1	-0.0117490000	 0.0000600000
4	2	-2	2	-1	-0.0117490000	 -0.0000600000
2	5	1	-1	1	-0.0290990000	 -0.0001310000
5	2	-1	1	-1	-0.0290990000	 0.0001310000
3	1	4	-1	-1	0.0189150000	 0.0001290000
1	3	-4	1	1	0.0189150000	 -0.0001290000
3	3	2	-1	0	-0.0840410000	 0.0000000000
3	3	-2	1	0	-0.0840410000	 -0.0000000000
4	1	2	0	-1	0.0136940000	 0.0004400000
1	4	-2	0	1	0.0136940000	 -0.0004400000
4	2	2	0	-1	0.0319750000	 0.0001620000
2	4	-2	0	1	0.0319750000	 -0.0001620000
4	3	0	0	0	0.0697970000	 0.0017670000
3	4	0	0	0	0.0697970000	 -0.0017670000
4	4	2	-1	0	0.0420970000	 0.0000000000
4	4	-2	1	0	0.0420970000	 -0.0000000000
4	5	1	0	0	0.0251330000	 0.0002400000
5	4	-1	0	0	0.0251330000	 -0.0002400000
5	1	3	-1	-1	-0.0131610000	 -0.0002970000
1	5	-3	1	1	-0.0131610000	 0.0002970000
5	2	3	-1	-1	0.0168040000	 -0.0000750000
2	5	-3	1	1	0.0168040000	 0.0000750000
5	5	2	-1	0	-0.0840470000	 0.0000000000
5	5	-2	1	0	-0.0840470000	 -0.0000000000
5	6	3	-1	0	-0.0460500000	 -0.0002070000
6	5	-3	1	0	-0.0460500000	 0.0002070000
6	1	2	-1	-1	-0.0100310000	 -0.0001810000
1	6	-2	1	1	-0.0100310000	 0.0001810000
6	3	0	-1	0	0.0134770000	 0.0001510000
3	6	0	1	0	0.0134770000	 -0.0001510000
6	4	2	-2	0	-0.0327250000	 0.0004610000
4	6	-2	2	0	-0.0327250000	 -0.0004610000
6	5	1	-1	0	-0.0177270000	 0.0000800000
5	6	-1	1	0	-0.0177270000	 -0.0000800000
1	1	2	-1	1	0.0110870000	 0.0000000000
1	1	-2	1	-1	0.0110870000	 -0.0000000000
1	3	0	-1	2	0.0477990000	 -0.0003270000
3	1	0	1	-2	0.0477990000	 0.0003270000
3	3	2	-1	1	0.0120970000	 0.0000000000
3	3	-2	1	-1	0.0120970000	 -0.0000000000
4	3	0	0	1	0.0145110000	 0.0003670000
3	4	0	0	-1	0.0145110000	 -0.0003670000
4	5	1	0	1	0.0173790000	 0.0001660000
5	4	-1	0	-1	0.0173790000	 -0.0001660000
5	2	3	-1	0	-0.0099640000	 0.0000450000
2	5	-3	1	0	-0.0099640000	 -0.0000450000
5	3	1	-1	1	0.0325280000	 0.0005120000
3	5	-1	1	-1	0.0325280000	 -0.0005120000
6	3	0	-1	1	0.0993590000	 0.0011170000
3	6	0	1	-1	0.0993590000	 -0.0011170000
6	5	1	-1	1	-0.0352770000	 0.0001590000
5	6	-1	1	-1	-0.0352770000	 -0.0001590000
1	3	0	-1	3	-0.0167870000	 0.0001150000
3	1	0	1	-3	-0.0167870000	 -0.0001150000
6	5	1	-1	2	0.0107310000	 -0.0000480000
5	6	-1	1	-2	0.0107310000	 0.0000480000
1	3	0	0	-3	0.0192150000	 -0.0001310000
3	1	0	0	3	0.0192150000	 0.0001310000
1	3	0	0	-2	-0.0366710000	 0.0002510000
3	1	0	0	2	-0.0366710000	 -0.0002510000
1	5	1	0	-2	-0.0263540000	 0.0005950000
5	1	-1	0	2	-0.0263540000	 -0.0005950000
2	2	2	0	-3	0.0432230000	 0.0000000000
2	2	-2	0	3	0.0432230000	 -0.0000000000
2	3	0	0	-2	-0.0144060000	 -0.0002920000
3	2	0	0	2	-0.0144060000	 0.0002920000
2	4	2	-1	-2	-0.0444610000	 0.0002260000
4	2	-2	1	2	-0.0444610000	 -0.0002260000
2	6	2	0	-2	0.0203080000	 0.0001830000
6	2	-2	0	2	0.0203080000	 -0.0001830000
1	3	0	0	-1	0.0750960000	 -0.0005140000
3	1	0	0	1	0.0750960000	 0.0005140000
1	5	1	0	-1	-0.0227280000	 0.0005130000
5	1	-1	0	1	-0.0227280000	 -0.0005130000
1	6	2	0	-1	-0.0100660000	 0.0001820000
6	1	-2	0	1	-0.0100660000	 -0.0001820000
2	1	2	0	-2	-0.0202140000	 -0.0005470000
1	2	-2	0	2	-0.0202140000	 0.0005470000
2	2	2	0	-2	0.1765570000	 0.0000000000
2	2	-2	0	2	0.1765570000	 -0.0000000000
2	3	0	0	-1	-0.1040830000	 -0.0021060000
3	2	0	0	1	-0.1040830000	 0.0021060000
2	4	2	-1	-1	-0.0207880000	 0.0001060000
4	2	-2	1	1	-0.0207880000	 -0.0001060000
2	5	1	0	-1	-0.0533290000	 -0.0002390000
5	2	-1	0	1	-0.0533290000	 0.0002390000
2	6	2	0	-1	-0.0300190000	 -0.0002700000
6	2	-2	0	1	-0.0300190000	 0.0002700000
3	2	4	0	-3	-0.0108240000	 0.0002190000
2	3	-4	0	3	-0.0108240000	 -0.0002190000
4	2	2	1	-3	-0.0281920000	 -0.0001430000
2	4	-2	-1	3	-0.0281920000	 0.0001430000
4	3	0	1	-2	0.0158160000	 0.0004000000
3	4	0	-1	2	0.0158160000	 -0.0004000000
5	3	1	0	-2	-0.0158210000	 -0.0002490000
3	5	-1	0	2	-0.0158210000	 0.0002490000
5	6	3	0	-2	0.0214440000	 0.0000970000
6	5	-3	0	2	0.0214440000	 -0.0000970000
6	3	0	0	-2	0.0144180000	 0.0001620000
3	6	0	0	2	0.0144180000	 -0.0001620000
1	1	2	0	-1	0.0437530000	 0.0000000000
1	1	-2	0	1	0.0437530000	 -0.0000000000
1	3	0	0	0	0.0665960000	 -0.0004560000
3	1	0	0	0	0.0665960000	 0.0004560000
1	4	2	-1	0	0.0327080000	 -0.0010520000
4	1	-2	1	0	0.0327080000	 0.0010520000
2	1	2	0	-1	-0.0259570000	 -0.0007030000
1	2	-2	0	1	-0.0259570000	 0.0007030000
2	2	2	0	-1	-0.0850760000	 0.0000000000
2	2	-2	0	1	-0.0850760000	 -0.0000000000
2	4	2	-1	0	-0.0191140000	 0.0000970000
4	2	-2	1	0	-0.0191140000	 -0.0000970000
2	5	1	0	0	-0.0555070000	 -0.0002490000
5	2	-1	0	0	-0.0555070000	 0.0002490000
4	2	2	1	-2	-0.0478030000	 -0.0002430000
2	4	-2	-1	2	-0.0478030000	 0.0002430000
4	3	0	1	-1	0.0100190000	 0.0002540000
3	4	0	-1	1	0.0100190000	 -0.0002540000
4	5	1	1	-1	-0.0325300000	 -0.0003110000
5	4	-1	-1	1	-0.0325300000	 0.0003110000
5	1	3	0	-2	-0.0260450000	 -0.0005880000
1	5	-3	0	2	-0.0260450000	 0.0005880000
5	3	1	0	-1	-0.0100270000	 -0.0001580000
3	5	-1	0	1	-0.0100270000	 0.0001580000
5	4	3	-1	-1	-0.0145860000	 0.0001400000
4	5	-3	1	1	-0.0145860000	 -0.0001400000
5	5	2	0	-1	-0.0866000000	 0.0000000000
5	5	-2	0	1	-0.0866000000	 -0.0000000000
5	6	3	0	-1	-0.0458580000	 -0.0002070000
6	5	-3	0	1	-0.0458580000	 0.0002070000
6	3	0	0	-1	0.1040250000	 0.0011690000
3	6	0	0	1	0.1040250000	 -0.0011690000
6	5	1	0	-1	-0.0212530000	 0.0000960000
5	6	-1	0	1	-0.0212530000	 -0.0000960000
1	2	2	0	0	-0.0265990000	 0.0007200000
2	1	-2	0	0	-0.0265990000	 -0.0007200000
1	3	0	0	1	-0.0319750000	 0.0002190000
3	1	0	0	-1	-0.0319750000	 -0.0002190000
2	1	2	0	0	-0.0215410000	 -0.0005830000
1	2	-2	0	0	-0.0215410000	 0.0005830000
2	3	0	0	1	-0.0136900000	 -0.0002770000
3	2	0	0	-1	-0.0136900000	 0.0002770000
4	2	2	1	-1	0.0200590000	 0.0001020000
2	4	-2	-1	1	0.0200590000	 -0.0001020000
4	3	0	1	0	0.0251260000	 0.0006360000
3	4	0	-1	0	0.0251260000	 -0.0006360000
4	5	1	1	0	0.0202590000	 0.0001940000
5	4	-1	-1	0	0.0202590000	 -0.0001940000
5	3	1	0	0	-0.0251310000	 -0.0003960000
3	5	-1	0	0	-0.0251310000	 0.0003960000
5	5	2	0	0	0.1768230000	 0.0000000000
5	5	-2	0	0	0.1768230000	 -0.0000000000
5	6	3	0	0	-0.0270750000	 -0.0001220000
6	5	-3	0	0	-0.0270750000	 0.0001220000
6	1	2	0	-1	0.0176140000	 0.0003180000
1	6	-2	0	1	0.0176140000	 -0.0003180000
6	2	2	0	-1	-0.0146670000	 0.0001320000
2	6	-2	0	1	-0.0146670000	 -0.0001320000
6	5	1	0	0	-0.0200360000	 0.0000900000
5	6	-1	0	0	-0.0200360000	 -0.0000900000
1	3	0	0	2	0.0184810000	 -0.0001260000
3	1	0	0	-2	0.0184810000	 0.0001260000
5	5	2	0	1	0.0440560000	 0.0000000000
5	5	-2	0	-1	0.0440560000	 -0.0000000000
6	3	0	0	1	0.0136990000	 0.0001540000
3	6	0	0	-1	0.0136990000	 -0.0001540000
6	5	1	0	1	-0.0458560000	 0.0002070000
5	6	-1	0	-1	-0.0458560000	 -0.0002070000
2	4	2	0	-3	-0.0192150000	 0.0000980000
4	2	-2	0	3	-0.0192150000	 -0.0000980000
2	2	2	1	-3	0.0432270000	 0.0000000000
2	2	-2	-1	3	0.0432270000	 -0.0000000000
2	3	0	1	-2	-0.0263540000	 -0.0005330000
3	2	0	-1	2	-0.0263540000	 0.0005330000
2	4	2	0	-2	-0.0444530000	 0.0002260000
4	2	-2	0	2	-0.0444530000	 -0.0002260000
2	6	2	1	-2	-0.0126180000	 -0.0001140000
6	2	-2	-1	2	-0.0126180000	 0.0001140000
1	3	0	1	-1	0.0103600000	 -0.0000710000
3	1	0	-1	1	0.0103600000	 0.0000710000
1	5	1	1	-1	-0.0132410000	 0.0002990000
5	1	-1	-1	1	-0.0132410000	 -0.0002990000
2	1	2	1	-2	-0.0152640000	 -0.0004130000
1	2	-2	-1	2	-0.0152640000	 0.0004130000
2	4	2	0	-1	-0.0363770000	 0.0001850000
4	2	-2	0	1	-0.0363770000	 -0.0001850000
2	5	1	1	-1	0.0235700000	 0.0001060000
5	2	-1	-1	1	0.0235700000	 -0.0001060000
5	5	2	1	-2	0.0116700000	 0.0000000000
5	5	-2	-1	2	0.0116700000	 -0.0000000000
5	6	3	1	-2	0.0107390000	 0.0000480000
6	5	-3	-1	2	0.0107390000	 -0.0000480000
6	5	1	1	-2	0.0220750000	 -0.0000990000
5	6	-1	-1	2	0.0220750000	 0.0000990000
6	6	2	1	-2	0.0125460000	 0.0000000000
6	6	-2	-1	2	0.0125460000	 -0.0000000000
1	5	1	1	0	-0.0099880000	 0.0002260000
5	1	-1	-1	0	-0.0099880000	 -0.0002260000
2	2	2	1	-1	0.0110910000	 0.0000000000
2	2	-2	-1	1	0.0110910000	 -0.0000000000
2	4	2	0	0	0.0207740000	 -0.0001050000
4	2	-2	0	0	0.0207740000	 0.0001050000
4	2	2	2	-2	0.0096750000	 0.0000490000
2	4	-2	-2	2	0.0096750000	 -0.0000490000
4	3	0	2	-1	0.0173740000	 0.0004400000
3	4	0	-2	1	0.0173740000	 -0.0004400000
4	4	2	1	-1	0.0120970000	 0.0000000000
4	4	-2	-1	1	0.0120970000	 -0.0000000000
4	5	1	2	-1	-0.0130600000	 -0.0001250000
5	4	-1	-2	1	-0.0130600000	 0.0001250000
5	4	3	0	-1	0.0098690000	 -0.0000940000
4	5	-3	0	1	0.0098690000	 0.0000940000
6	3	0	1	-1	0.0243240000	 0.0002730000
3	6	0	-1	1	0.0243240000	 -0.0002730000
6	5	1	1	-1	-0.0393100000	 0.0001770000
5	6	-1	-1	1	-0.0393100000	 -0.0001770000
5	5	2	1	0	0.0426820000	 0.0000000000
5	5	-2	-1	0	0.0426820000	 -0.0000000000
6	5	1	1	0	-0.0460490000	 0.0002070000
5	6	-1	-1	0	-0.0460490000	 -0.0002070000
6	5	1	1	1	-0.0189160000	 0.0000850000
5	6	-1	-1	-1	-0.0189160000	 -0.0000850000
2	4	2	1	-2	0.0111580000	 -0.0000570000
4	2	-2	-1	2	0.0111580000	 0.0000570000
2	4	2	1	-1	0.0102220000	 -0.0000520000
4	2	-2	-1	1	0.0102220000	 0.0000520000
6	5	1	2	-2	0.0111590000	 -0.0000500000
5	6	-1	-2	2	0.0111590000	 0.0000500000
6	5	1	2	-1	0.0102240000	 -0.0000460000
5	6	-1	-2	1	0.0102240000	 0.0000460000
1	3	1	-4	1	0.0189200000	 -0.0001290000
3	1	-1	4	-1	0.0189200000	 0.0001290000
3	3	3	-4	0	-0.0170430000	 0.0000000000
3	3	-3	4	0	-0.0170430000	 -0.0000000000
3	3	3	-4	1	-0.0177830000	 0.0000000000
3	3	-3	4	-1	-0.0177830000	 -0.0000000000
1	3	1	-3	-1	-0.0102220000	 0.0000700000
3	1	-1	3	1	-0.0102220000	 -0.0000700000
1	3	1	-3	0	0.0460490000	 -0.0003150000
3	1	-1	3	0	0.0460490000	 0.0003150000
4	3	1	-2	-1	-0.0130560000	 -0.0003300000
3	4	-1	2	1	-0.0130560000	 0.0003300000
1	3	1	-3	1	0.0458570000	 -0.0003140000
3	1	-1	3	-1	0.0458570000	 0.0003140000
3	3	3	-3	0	-0.1181880000	 0.0000000000
3	3	-3	3	0	-0.1181880000	 -0.0000000000
4	3	1	-2	0	0.0202500000	 0.0005130000
3	4	-1	2	0	0.0202500000	 -0.0005130000
6	3	1	-3	0	0.0099630000	 0.0001120000
3	6	-1	3	0	0.0099630000	 -0.0001120000
1	3	1	-3	2	-0.0107390000	 0.0000730000
3	1	-1	3	-2	-0.0107390000	 -0.0000730000
4	3	1	-2	1	0.0173730000	 0.0004400000
3	4	-1	2	-1	0.0173730000	 -0.0004400000
5	3	2	-3	1	-0.0098690000	 -0.0001550000
3	5	-2	3	-1	-0.0098690000	 0.0001550000
1	3	1	-2	-2	-0.0111570000	 0.0000760000
3	1	-1	2	2	-0.0111570000	 -0.0000760000
1	3	1	-2	-1	0.0393240000	 -0.0002690000
3	1	-1	2	1	0.0393240000	 0.0002690000
2	3	1	-2	-1	0.0235420000	 0.0004760000
3	2	-1	2	1	0.0235420000	 -0.0004760000
1	3	1	-2	0	0.0199910000	 -0.0001370000
3	1	-1	2	0	0.0199910000	 0.0001370000
2	3	1	-2	0	-0.0554970000	 -0.0011230000
3	2	-1	2	0	-0.0554970000	 0.0011230000
3	3	3	-2	-1	0.0440540000	 0.0000000000
3	3	-3	2	1	0.0440540000	 -0.0000000000
4	3	1	-1	-1	-0.0325220000	 -0.0008230000
3	4	-1	1	1	-0.0325220000	 0.0008230000
5	3	2	-2	-1	-0.0312470000	 -0.0004920000
3	5	-2	2	1	-0.0312470000	 0.0004920000
6	3	1	-2	-1	0.0132350000	 0.0001490000
3	6	-1	2	1	0.0132350000	 -0.0001490000
1	3	1	-2	1	0.0352660000	 -0.0002410000
3	1	-1	2	-1	0.0352660000	 0.0002410000
2	3	1	-2	1	-0.0291120000	 -0.0005890000
3	2	-1	2	-1	-0.0291120000	 0.0005890000
3	3	3	-2	0	0.0426810000	 0.0000000000
3	3	-3	2	0	0.0426810000	 -0.0000000000
4	3	1	-1	0	0.0251250000	 0.0006360000
3	4	-1	1	0	0.0251250000	 -0.0006360000
5	3	2	-2	0	-0.0715420000	 -0.0011260000
3	5	-2	2	0	-0.0715420000	 0.0011260000
1	3	1	-2	2	-0.0096780000	 0.0000660000
3	1	-1	2	-2	-0.0096780000	 -0.0000660000
5	3	2	-2	1	0.0130580000	 0.0002060000
3	5	-2	2	-1	0.0130580000	 -0.0002060000
1	3	1	-1	-2	-0.0220760000	 0.0001510000
3	1	-1	1	2	-0.0220760000	 -0.0001510000
1	3	1	-1	-1	0.0212360000	 -0.0001450000
3	1	-1	1	1	0.0212360000	 0.0001450000
2	2	3	-1	-2	0.0433760000	 0.0000000000
2	2	-3	1	2	0.0433760000	 -0.0000000000
2	3	1	-1	-1	-0.0533460000	 -0.0010800000
3	2	-1	1	1	-0.0533460000	 0.0010800000
2	5	2	-1	-1	-0.0167840000	 -0.0000750000
5	2	-2	1	1	-0.0167840000	 0.0000750000
4	2	3	0	-3	0.0167870000	 0.0000850000
2	4	-3	0	3	0.0167870000	 -0.0000850000
1	3	1	-1	0	0.0177180000	 -0.0001210000
3	1	-1	1	0	0.0177180000	 0.0001210000
2	2	3	-1	-1	-0.0123690000	 0.0000000000
2	2	-3	1	1	-0.0123690000	 -0.0000000000
2	5	2	-1	0	-0.0170650000	 -0.0000770000
5	2	-2	1	0	-0.0170650000	 0.0000770000
3	3	3	-1	-1	-0.0121850000	 0.0000000000
3	3	-3	1	1	-0.0121850000	 -0.0000000000
4	2	3	0	-2	-0.0184810000	 -0.0000940000
2	4	-3	0	2	-0.0184810000	 0.0000940000
4	3	1	0	-1	0.0145120000	 0.0003670000
3	4	-1	0	1	0.0145120000	 -0.0003670000
5	5	3	-1	-1	-0.0121870000	 0.0000000000
5	5	-3	1	1	-0.0121870000	 -0.0000000000
5	6	4	-1	-1	-0.0189190000	 -0.0000850000
6	5	-4	1	1	-0.0189190000	 0.0000850000
6	3	1	-1	-1	0.0226910000	 0.0002550000
3	6	-1	1	1	0.0226910000	 -0.0002550000
1	3	1	-1	1	-0.0200590000	 0.0001370000
3	1	-1	1	-1	-0.0200590000	 -0.0001370000
4	3	1	0	0	0.0226450000	 0.0005730000
3	4	-1	0	0	0.0226450000	 -0.0005730000
5	3	2	-1	0	-0.0202560000	 -0.0003190000
3	5	-2	1	0	-0.0202560000	 0.0003190000
5	5	3	-1	0	0.0426830000	 0.0000000000
5	5	-3	1	0	0.0426830000	 -0.0000000000
5	6	4	-1	0	0.0167070000	 0.0000750000
6	5	-4	1	0	0.0167070000	 -0.0000750000
6	3	1	-1	0	-0.0262690000	 -0.0002950000
3	6	-1	1	0	-0.0262690000	 0.0002950000
2	2	3	0	-4	-0.0174970000	 0.0000000000
2	2	-3	0	4	-0.0174970000	 -0.0000000000
2	4	3	-1	-3	0.0168240000	 -0.0000850000
4	2	-3	1	3	0.0168240000	 0.0000850000
2	2	3	0	-3	-0.1180810000	 0.0000000000
2	2	-3	0	3	-0.1180810000	 -0.0000000000
2	4	3	-1	-2	-0.0260230000	 0.0001320000
4	2	-3	1	2	-0.0260230000	 -0.0001320000
1	3	1	0	-1	0.0103500000	 -0.0000710000
3	1	-1	0	1	0.0103500000	 0.0000710000
2	2	3	0	-2	0.0433770000	 0.0000000000
2	2	-3	0	2	0.0433770000	 -0.0000000000
2	3	1	0	-1	-0.0243280000	 -0.0004920000
3	2	-1	0	1	-0.0243280000	 0.0004920000
2	5	2	0	-1	-0.0217890000	 -0.0000980000
5	2	-2	0	1	-0.0217890000	 0.0000980000
4	2	3	1	-3	0.0167890000	 0.0000850000
2	4	-3	-1	3	0.0167890000	 -0.0000850000
5	2	4	0	-3	-0.0108260000	 0.0000490000
2	5	-4	0	3	-0.0108260000	 -0.0000490000
6	3	1	0	-2	0.0263610000	 0.0002960000
3	6	-1	0	2	0.0263610000	 -0.0002960000
5	3	2	0	-1	-0.0173770000	 -0.0002740000
3	5	-2	0	1	-0.0173770000	 0.0002740000
5	5	3	0	-1	0.0440570000	 0.0000000000
5	5	-3	0	1	0.0440570000	 -0.0000000000
5	6	4	0	-1	0.0169940000	 0.0000770000
6	5	-4	0	1	0.0169940000	 -0.0000770000
1	5	2	0	1	-0.0107740000	 0.0002430000
5	1	-2	0	-1	-0.0107740000	 -0.0002430000
5	2	4	0	-1	-0.0107830000	 0.0000480000
2	5	-4	0	1	-0.0107830000	 -0.0000480000
5	5	3	0	0	-0.1181880000	 0.0000000000
5	5	-3	0	0	-0.1181880000	 -0.0000000000
6	5	2	0	0	-0.0270760000	 0.0001220000
5	6	-2	0	0	-0.0270760000	 -0.0001220000
5	5	3	0	1	-0.0177820000	 0.0000000000
5	5	-3	0	-1	-0.0177820000	 -0.0000000000
6	5	2	0	1	0.0169970000	 -0.0000770000
5	6	-2	0	-1	0.0169970000	 0.0000770000
2	2	3	1	-4	-0.0175020000	 0.0000000000
2	2	-3	-1	4	-0.0175020000	 -0.0000000000
2	4	3	0	-3	0.0168230000	 -0.0000850000
4	2	-3	0	3	0.0168230000	 0.0000850000
5	5	3	1	0	-0.0170410000	 0.0000000000
5	5	-3	-1	0	-0.0170410000	 -0.0000000000
6	5	2	1	0	0.0167090000	 -0.0000750000
5	6	-2	-1	0	0.0167090000	 0.0000750000
1	3	2	-4	0	-0.0167070000	 0.0001140000
3	1	-2	4	0	-0.0167070000	 -0.0001140000
1	3	2	-4	1	-0.0169940000	 0.0001160000
3	1	-2	4	-1	-0.0169940000	 -0.0001160000
3	3	4	-4	0	0.0291620000	 0.0000000000
3	3	-4	4	0	0.0291620000	 -0.0000000000
6	3	2	-4	1	0.0107820000	 0.0001210000
3	6	-2	4	-1	0.0107820000	 -0.0001210000
1	3	2	-3	0	0.0270750000	 -0.0001850000
3	1	-2	3	0	0.0270750000	 0.0001850000
3	3	4	-3	-1	-0.0177810000	 0.0000000000
3	3	-4	3	1	-0.0177810000	 -0.0000000000
3	3	4	-3	0	-0.0170410000	 0.0000000000
3	3	-4	3	0	-0.0170410000	 -0.0000000000
2	3	2	-2	-1	-0.0217820000	 -0.0004410000
3	2	-2	2	1	-0.0217820000	 0.0004410000
2	3	2	-2	0	-0.0170570000	 -0.0003450000
3	2	-2	2	0	-0.0170570000	 0.0003450000
2	2	4	-1	-3	-0.0172500000	 0.0000000000
2	2	-4	1	3	-0.0172500000	 -0.0000000000
2	3	2	-1	-1	-0.0167770000	 -0.0003400000
3	2	-2	1	1	-0.0167770000	 0.0003400000
5	5	4	-1	0	-0.0170420000	 0.0000000000
5	5	-4	1	0	-0.0170420000	 -0.0000000000
2	2	4	0	-4	0.0291550000	 0.0000000000
2	2	-4	0	4	0.0291550000	 -0.0000000000
2	2	4	0	-3	-0.0172480000	 0.0000000000
2	2	-4	0	3	-0.0172480000	 -0.0000000000
5	5	4	0	-1	-0.0177830000	 0.0000000000
5	5	-4	0	1	-0.0177830000	 -0.0000000000
5	5	4	0	0	0.0291620000	 0.0000000000
5	5	-4	0	0	0.0291620000	 -0.0000000000
3	3	5	-5	0	-0.0126610000	 0.0000000000
3	3	-5	5	0	-0.0126610000	 -0.0000000000
2	2	5	0	-5	-0.0126630000	 0.0000000000
2	2	-5	0	5	-0.0126630000	 -0.0000000000
5	5	5	0	0	-0.0126610000	 0.0000000000
5	5	-5	0	0	-0.0126610000	 -0.0000000000
