   6.2425613045967818        2.4918793258484531     
   6.6403760492512269        2.7383018675312796     
   6.9503276692262590        2.6307077221460009     
   6.7176263575264130        2.5883878395388469     
   6.7868115100902751        2.6668740485689759     
   6.7536094480878379        2.6736746272598437     
   6.8985269664867639        2.6989110371527878     
   6.7870543665045107        2.6495632231196429     
   6.6839009103882026        2.6537016940926024     
   6.8642851566105882        2.6910087082318968     
   6.7958506564695540        2.6630345469060508     
   6.8193809909662226        2.6936559970830758     
   6.8105701664679819        2.6575777983353963     
   6.7117214479651430        2.6730591580529115     
   6.7767007043516481        2.6985447724440492     
   6.8194640487407270        2.6989559788325472     
   6.8208755743664859        2.6841404193976670     
   6.8046835052944221        2.6740820207859084     
   6.7193921782905637        2.6846718314977864     
   6.8042320621306720        2.7188224076275538     
   6.7976027679930846        2.6982392474912777     
   6.7617392587820779        2.6512505786962137     
   6.7468181037216297        2.6740955700877249     
   6.7937143213255808        2.7030082674729479     
   6.7702710887759201        2.6863570341513192     
   6.7454070217526354        2.6773339360105521     
   6.7831375337228526        2.6848948732222864     
   6.7557684760954242        2.6995722345636008     
   6.7460432340352723        2.6876438159993739     
   6.7836789298189588        2.6430962988376563     
   6.7911627447739846        2.6886001243674928     
   6.7308900116101817        2.7094813305442735     
   6.7473955285307063        2.6716635370857205     
   6.8232028174160719        2.6807746027858865     
   6.7314279700215653        2.6860465028439187     
   6.7549788446977805        2.6992467802617051     
   6.7853640664673840        2.7092192812485907     
   6.7434743343248744        2.6624694512537421     
   6.7672468875309821        2.6918946050936299     
   6.7799351186751382        2.6913776571336396     
   6.7644377432115261        2.6924747481428613     
   6.7689189321362075        2.7026798849188998     
   6.7210175477422691        2.6918982623042469     
   6.7350908947934212        2.6873536567680869     
   6.7650672004801526        2.6852295982159307     
   6.7706120553454143        2.6740524443531033     
   6.7316906957480640        2.6720000624773261     
   6.7531379761151342        2.6852573349056388     
   6.7664056311343703        2.6633588756702418     
   6.7727007511501123        2.6569159456526603     
   6.7802010998649340        2.6641042524726557     
   6.7734156996426442        2.6883046037995846     
   6.7683608527328118        2.7024893086207413     
   6.7780877359898106        2.6893631839120862     
   6.8183159223296350        2.6834161948227844     
   6.8238434788887332        2.6825880948189909     
   6.7792855405788170        2.6891011111324952     
   6.7696482311349069        2.6835852141679228     
   6.7451666208967342        2.6777736190753347     
   6.8032768704885322        2.6732906086880703     
   6.7967802408341882        2.6724993692798322     
   6.7735008230902380        2.6897826476525948     
   6.7477324385704165        2.6876085074409239     
   6.8030717572133508        2.6978090425739256     
   6.7562307240723243        2.6924399884612917     
   6.7919170713217634        2.6737052216171109     
   6.7755475543925296        2.6643543474858205     
   6.7347497060830301        2.6684820767003390     
   6.7793613773389314        2.6726604490987032     
   6.7539608431390175        2.6674068551802703     
   6.7345571202348946        2.6795631425236444     
   6.7625505504880969        2.6714677180071287     
   6.7761383012037371        2.6963819371119007     
   6.8077804534090625        2.6880095293909849     
   6.7989110139270892        2.6705536579910918     
   6.7614964200897170        2.6844771541899939     
   6.7767030385960521        2.6936984108585609     
   6.8054531167672581        2.6771665877382085     
   6.7828487463832063        2.7023198350543911     
   6.7863749970439207        2.6770250662362605     
   6.7570892451501940        2.6731313521168727     
   6.7780705404465351        2.6715784067263888     
   6.7672595936656155        2.6789657440027335     
   6.7203783314562848        2.6657609493156462     
   6.7573929454386086        2.6696926715772760     
   6.7855762655862595        2.6813964402586721     
   6.7883179369557354        2.6836019141899081     
   6.7730059674630283        2.6657507065149115     
   6.7568402626873771        2.6609303215314113     
   6.7541416835801158        2.6749103019121621     
   6.7900827999580926        2.6591196059413451     
   6.7756044463141887        2.6792764448591679     
   6.7883976270181341        2.6890892866236493     
   6.7465009124306228        2.6813544195452592     
   6.8009987718129139        2.7048783601540878     
   6.8048650555781993        2.7112399181879834     
   6.7995895139813927        2.6800025300601877     
   6.7313030607750504        2.6886617258615089     
   6.7985462629745079        2.7209975557439967     
   6.8069361061957103        2.6898118383838234     
   6.7309050607159957        2.6738831750292129     
   6.7657240989829575        2.6895756159215587     
   6.7526913614908821        2.6970508286724288     
   6.7515271124025533        2.6888255189571968     
   6.7309267993323862        2.6805629163768838     
   6.7560061360473362        2.6869388114780981     
   6.7588548948396063        2.6983882651559470     
   6.7949759077268688        2.6975857774432748     
   6.7362747538474439        2.6742117008546540     
   6.7534638064416264        2.6754036198949600     
   6.7568275689547512        2.6658442894591112     
   6.7627929639383826        2.6751217159168972     
   6.7519484674643024        2.6662669413809259     
   6.7251851248586521        2.6721259642017379     
   6.7596454227858871        2.6835680270283349     
   6.7705751932360361        2.6605899227765595     
   6.7540518336593021        2.6947969172798216     
   6.7678143609697941        2.6817973541077387     
   6.7218503829359024        2.6915367101556869     
   6.7639562806218949        2.6815698081502957     
   6.7744525817087826        2.6680003749436660     
   6.7753324697735406        2.6879198349042341     
   6.7708600805470835        2.6851863210309439     
   6.7882469565985755        2.6911818340652278     
   6.7756512282826762        2.6904002327060446     
   6.7907608136044342        2.7012197443078931     
   6.8093121839273874        2.6769918530774834     
   6.7653346322398136        2.6687544847818181     
   6.8078480393206311        2.6704900780970009     
   6.8010186468954394        2.6848787342315945     
   6.8010217556283212        2.6923016328559428     
   6.7636145855667449        2.6682919604017235     
   6.7882624022464935        2.6625030511452978     
   6.7547372473492064        2.6856530053725014     
   6.8198776897260780        2.6843991666793925     
   6.7862668620554878        2.6928907781307982     
   6.8167906070225186        2.6722894336232788     
   6.7707577847857205        2.6708631579554800     
   6.7489382982258901        2.6736611325719597     
   6.7572457089446960        2.6709980179970061     
   6.7750682757757792        2.6642873556521591     
   6.7957152054350711        2.6624623160808372     
   6.7461375960155650        2.7002200480249319     
   6.7836591074278996        2.6719521909196242     
   6.7964026520598946        2.6811363601496927     
   6.7720619616704090        2.6827862168610448     
   6.8060014269454445        2.6876579362269624     
   6.7680658898159214        2.6755852571086782     
   6.7597047732290676        2.6750294764125786     
   6.7808554527012923        2.6931172983192648     
   6.8091290230467756        2.6854181283684850     
   6.7760950105110105        2.6805584566916001     
   6.7621637723404078        2.6760988601546587     
   6.7570967571051108        2.6708070722313351     
   6.7448766776704474        2.6774979202578097     
   6.7562649034644533        2.6710731408525072     
   6.7833000081886397        2.6787558821927351     
   6.7858122721673322        2.6702131431058604     
   6.7644795174641104        2.6909439378286533     
   6.7748567391833863        2.6604904210429998     
   6.7146225167192926        2.6709829459446168     
   6.7346830597330243        2.6837289780487557     
   6.7513271071141761        2.6801944284286088     
   6.7647038237210664        2.6955429647141282     
   6.8156749296435901        2.6847271937384383     
   6.7600392896053769        2.6839228335956040     
   6.8085116667642929        2.6931087301351289     
   6.7630864975617779        2.6942119220783378     
   6.7790637766730306        2.6784966414425617     
   6.7539698081633333        2.6809826735751421     
   6.7406377355059188        2.6960430067370478     
   6.7984584165208481        2.6789475732644958     
   6.8011388843813689        2.6797661184825832     
   6.7796677189489358        2.6920646256970806     
   6.7857854630518073        2.6945661451162435     
   6.7822345831683748        2.6988295664525537     
   6.7528275045649000        2.6922778920700292     
   6.7305116743461841        2.6748578225268469     
   6.7448678340393364        2.6930078568931002     
   6.7616583137140198        2.6846932738347240     
   6.7318233678973440        2.7014437349960412     
   6.7828792696688209        2.6976748050625017     
   6.7648937773511246        2.6821055103584901     
   6.7424539147340985        2.6822933609820221     
   6.7692863063453821        2.6757415449888819     
   6.7408953327115260        2.6706238187192861     
   6.7484542657044262        2.6909342898508246     
   6.7656637342395980        2.6729786372980193     
   6.7410873914653671        2.6877612487552152     
   6.7892006548304185        2.6725563364647131     
   6.7813676960203892        2.7048402990203582     
   6.8098997473971252        2.6775049182204156     
   6.7661365670017908        2.6759522940845923     
   6.7922130114848827        2.6887945564876468     
   6.7740111806425931        2.6690837619256405     
   6.7801570402577696        2.6701137484399244     
   6.7650851109017811        2.6846382221383558     
   6.7542008266240403        2.6823049789200275     
   6.7949051114169920        2.6746092691536680     
   6.7482305814823142        2.6633819488274555     
   6.7751126626921589        2.6567533551280444     
   6.7749764324692547        2.6554975037169095     
   6.7799007577582060        2.6730912567639860     
   6.7484194810084599        2.6701706793244164     
   6.7649824797021729        2.6911192852653172     
   6.7602435018684188        2.6758846185942038     
   6.7887191654677004        2.6931130500711769     
   6.7997546695515183        2.6870187391330895     
   6.7987493905780241        2.6739032341206461     
   6.7726997920112826        2.6920208013584164     
   6.8009648618472696        2.7004897877256169     
   6.8290575905632824        2.6934501760908121     
   6.7983633512860848        2.6948445697706722     
   6.8033872146876604        2.6856108696008891     
   6.7735146577238368        2.6724022713739441     
   6.7665045183586123        2.6964983180399997     
   6.7809239623807116        2.6813973395845374     
   6.7788819391668609        2.6655681761524748     
   6.7478204422715571        2.6529797452643251     
   6.7754934385525178        2.6806674289418511     
   6.7473812271655289        2.6702432081945582     
   6.7518011550684038        2.6404280001703531     
   6.7383937623959786        2.6643179735357916     
   6.7463028542440018        2.6669905948443109     
   6.7591979791266441        2.6690639320730511     
   6.7345039745844755        2.6754304836693006     
   6.7713000968030137        2.6805041026961023     
   6.7852299795104205        2.6749346300970065     
   6.7557454020155188        2.6880282741648309     
   6.7727750991526436        2.6741197130319292     
   6.7335847611914339        2.6837503066167265     
   6.7658255598242292        2.6901780500119008     
   6.7487796531570456        2.6813404455020629     
   6.7557042427527119        2.6897261244140283     
   6.7814769810361986        2.7077344625403112     
   6.7534568546505662        2.7120814278145131     
   6.7840225795569520        2.7031144281312378     
   6.7834119582641419        2.6917548646280114     
   6.7706558155105032        2.7127225903922896     
   6.7608050007180500        2.6930078727401723     
   6.7534642339119655        2.6784352354220458     
   6.7484396050450250        2.6829383140909320     
   6.7638819619712525        2.6806027874846783     
   6.7591450553223584        2.6757332584988243     
   6.7443295710362534        2.6695299803309456     
   6.7845013775647240        2.6887232536024053     
   6.7889603405451986        2.6874823457407713     
   6.7976031673356765        2.6940303006472615     
   6.7759225903801674        2.6784520526349085     
   6.7875335268711785        2.6754877571103495     
   6.7673427299405038        2.6799827464378021     
   6.8142887527139262        2.6796503716323365     
   6.7606200316136693        2.6891805980962755     
   6.7442077532094009        2.6631909494905135     
   6.7800207340846770        2.6820668205548488     
   6.7667534700750700        2.6712404211590233     
   6.7788455374374994        2.6799202264748172     
   6.7542166914235322        2.6798879328219640     
   6.7742103689149733        2.6846547081907004     
   6.7796745490206041        2.6875493891596967     
   6.7857617170988593        2.6907760302960337     
   6.7591195252232641        2.6636945630487294     
   6.7466043488578187        2.6684180193605909     
   6.7407727436840155        2.6834374378137857     
   6.7850881029956174        2.6771300877424182     
   6.7884842958013163        2.6751540891119041     
   6.7357416956020852        2.6827131707087477     
   6.7656943589004648        2.6757791411343814     
   6.8010035045094135        2.6721644154460042     
   6.7516426462775438        2.6807568334875351     
   6.7551795018681116        2.6617863622081952     
   6.7668852238258275        2.6864230230466832     
   6.7968836485101285        2.6815475519083694     
   6.7690433611083964        2.6695635050547284     
   6.7663713646298298        2.6783293903680807     
   6.7850157423815096        2.6885081875680692     
   6.7612295893652270        2.6729080480636584     
   6.8255314174322814        2.6766744227434938     
   6.7892212200036059        2.6906543687418112     
   6.8048748680640330        2.7009683082335738     
   6.8031243121534910        2.6849956926064444     
   6.7924975241396446        2.6871245601432121     
   6.7749131197819201        2.6768337446911437     
   6.7732366928105279        2.6720063199375272     
   6.7695013893864182        2.6727287548095755     
   6.7788306168219616        2.6738606625225083     
   6.7796062303573654        2.6842160795838472     
   6.7470966015333023        2.6749380424814126     
   6.7706966231701360        2.6768433881523079     
   6.7726328268734104        2.6747410432111853     
   6.7763586418506554        2.6853163952738557     
   6.8025380795473822        2.6849650286260949     
   6.7652341470729951        2.6724138208590831     
   6.7927696132373629        2.6908734724517815     
   6.7903532723436646        2.6793672802723978     
   6.7757380621652885        2.6760586239272119     
   6.7504700601699383        2.6805108643480611     
   6.7634426801716643        2.6795506116853938     
   6.7857641024166266        2.6890237192461481     
   6.7624598545053036        2.6544090050916718     
   6.7831282301783489        2.6938316724945568     
   6.7888166794309175        2.6871020652874122     
   6.7772198955835279        2.6729546526778734     
   6.7594257720671331        2.6800869361942778     
   6.7587977492691493        2.6759251815775325     
   6.7876073389399583        2.6733463911850928     
   6.7665650335619354        2.6735944829022711     
   6.7602163361493828        2.6761772737820664     
   6.7940098382626477        2.6790613329671746     
   6.7604003304877089        2.6692271384914101     
   6.7474053662049105        2.6723425104271428     
   6.7236680651631655        2.6733336324392041     
   6.7287777279092795        2.6600553468519359     
   6.7726158971739778        2.6806521162641044     
   6.7576567308776179        2.6962592054582357     
   6.7390031548303311        2.6635935191141851     
   6.7726407526748957        2.6832986010307573     
   6.7516220241772213        2.6900886817847751     
   6.7296992246965015        2.6969830711578577     
   6.7585779239075272        2.6942173480941478     
   6.7373506462413646        2.6919412450587505     
   6.7523186536931412        2.6698016752658713     
   6.7334303499257642        2.6821940015632895     
   6.7887497163300061        2.7044253642487228     
   6.7317218511770669        2.6819281640216364     
   6.7746605551479551        2.7059652360877817     
   6.7743758814322561        2.6908495127944745     
   6.7747832409763182        2.7034532537174121     
   6.8197335790828939        2.6896254786765215     
   6.8011043357172607        2.6875357769745527     
   6.7800140775941777        2.6913669725267275     
   6.8069864505979876        2.6808223582290109     
   6.7922842935838830        2.6814141874382207     
   6.7509045130863754        2.6704345341347220     
   6.7779202781099332        2.6739949477540153     
   6.7551780185919998        2.6855563690922453     
   6.7547493835381314        2.6743765543993030     
   6.7646263408092357        2.6583767759546095     
   6.7849077319658893        2.6833578404894967     
   6.7498769405421104        2.6827116149675327     
   6.7327872478167050        2.6669410753563119     
   6.7470025130784599        2.6716355613245901     
   6.7344035149056367        2.6674908202615830     
   6.7524908325095545        2.6752681769550355     
   6.7502912106672497        2.6814921176511808     
   6.7356038994399094        2.6763870328217618     
   6.7857334305418835        2.6810743054959336     
   6.8004669896592720        2.6743449107608845     
   6.7675606604257181        2.6826775245638603     
   6.8003461519203814        2.6887267315176095     
   6.7944768789403316        2.6835163515863214     
   6.8165274352780623        2.6899621152976745     
   6.7770274375950805        2.6877998658636391     
   6.7858943860562402        2.6656248218537635     
   6.7898314470668897        2.6938247615526527     
   6.7907954793275316        2.6930533135519843     
   6.8418034432192236        2.6804163226539579     
   6.7840538885969535        2.6717369939733406     
   6.7611173161527489        2.6926903070965942     
   6.7841899764719198        2.6727287943924902     
   6.7507040945032211        2.6688947142408188     
   6.7710267379304021        2.6740157380103624     
   6.7376304251143520        2.6693567103729960     
   6.7848010284999800        2.6748421030980141     
   6.7526978843159231        2.6756587115847719     
   6.7781641810954882        2.6770611643347229     
   6.7686733951166369        2.6746612321327627     
   6.7852363796053110        2.6886787077969276     
   6.7593237121318150        2.6778057674686631     
   6.7779406888259004        2.6797748240248525     
   6.7809720127843427        2.6816363655080573     
   6.7756453193032442        2.6822853349072822     
   6.7975581223748973        2.6802626407767494     
   6.7800642217556479        2.6964656849398532     
   6.7818478170274261        2.6813604787919609     
   6.7994706455036029        2.6857093723262953     
   6.7713997941215780        2.6717795386028866     
   6.7562760545262091        2.6849964716248351     
   6.7291286141872764        2.6695473528765477     
   6.7465495568527230        2.6815548092492376     
   6.7153820344821762        2.6758131506396747     
   6.7280740599774678        2.6833719393315167     
   6.7529333432569931        2.6767652724849165     
   6.7595854298476690        2.6886943285746359     
   6.7465042080786475        2.6921075732811910     
   6.7348800741822945        2.6832127327199284     
   6.7199762120326385        2.6756738328070364     
   6.7518786962698538        2.6786961640465918     
   6.7537389853429097        2.6833204345419803     
   6.7469648476705633        2.6866699071715394     
   6.7572235805682954        2.6738899030224359     
   6.7561596891606115        2.6778530045333562     
   6.7778692255426751        2.6800921446654997     
   6.7437301484716192        2.6777626475483078     
   6.7661472076283058        2.6774433021509925     
   6.7750712088440572        2.6948534377787552     
   6.7668794866959692        2.6880750132170674     
   6.7889974236964266        2.6868632525563441     
   6.7759906787268633        2.6916479882812356     
   6.7757086468382575        2.6792045099092578     
   6.7623642182193597        2.6931182547339048     
   6.7963644433130215        2.6876917294858256     
   6.7854953123448585        2.6751145905363529     
   6.7321175519541407        2.6787929664073302     
   6.7574048605920005        2.6763249033061776     
   6.8077848596663930        2.6853711426161224     
   6.7499342347768927        2.6768879938991317     
   6.8015343655573197        2.6868553917251807     
   6.7821680677200957        2.6774259891752425     
   6.7725250600734856        2.6553224330384504     
   6.7671139897598422        2.6778034886810609     
   6.7964014907020669        2.6816250099798769     
   6.7975505493315280        2.6753663391462923     
   6.8162189765937242        2.6867474392913544     
   6.8084334549576759        2.6695114014531391     
   6.8056853973874940        2.6808143730371716     
   6.8207417577643552        2.6963023026198969     
   6.8166774779421102        2.6871899822396816     
   6.8001317422609677        2.6692764387352850     
   6.8082167100249631        2.6763890822560974     
   6.7984423216027281        2.6703352248592815     
   6.7766427939419254        2.6700746642588995     
   6.7423049171442857        2.6415904776004204     
   6.7400813002926814        2.6432769702087495     
   6.7612728062186136        2.6597670322969615     
   6.7466930464302850        2.6595870341869121     
   6.7527836543079367        2.6636572283975317     
   6.7458297634421704        2.6520442152871482     
   6.7553571882712777        2.6716691151317384     
   6.7407990027359945        2.6736374234293510     
   6.7645569551884908        2.6576017053373855     
   6.7578072048706108        2.6731845020759377     
   6.7824053627564673        2.6845738237927987     
   6.7651342314758836        2.6871702710470204     
   6.8009750039246093        2.6817347107417997     
   6.7840217749266358        2.6778472387434644     
   6.7848127651189527        2.6972946933007469     
   6.7933702821089703        2.6866482412635992     
   6.7901308820001933        2.6815675603428168     
   6.8100434600207693        2.7005364394795710     
   6.8083858626927558        2.6954110584618971     
   6.7902553809148234        2.6723351931877826     
   6.8080858037843353        2.6731682518046784     
   6.7933150188252345        2.6910655386873259     
   6.7799752415982946        2.6744257063382588     
   6.7473401265340680        2.6719714080077841     
   6.7866496564257588        2.6862744039041022     
   6.7648404499584229        2.6683405110973140     
   6.7591323177952294        2.6703527368784039     
   6.7911354317206776        2.6770818926003623     
   6.7423724449772395        2.6723692169169437     
   6.7733169549505199        2.6685962402322816     
   6.7652782546349242        2.6696290370227866     
   6.7341357563029991        2.6639899623806489     
   6.7563013476409948        2.6612115070718536     
   6.7589330756698249        2.6764706078045846     
   6.7790686807276366        2.6746493972512608     
   6.7559555069631978        2.6737730093080398     
   6.7754293856120338        2.6641281406374855     
   6.7575282780899339        2.6779766258346522     
   6.7806873440822564        2.6709204206319455     
   6.7780112076565757        2.6854766978628528     
   6.7685115217497049        2.6787103605835987     
   6.7695104188004773        2.6790774709534588     
   6.7784921481135747        2.6808182587063656     
   6.7601019652548739        2.6805021051273443     
   6.7944550075776142        2.6868451311614279     
   6.7732510304911244        2.6922454177945991     
   6.7673177496509069        2.6797456311248227     
   6.7942010476745622        2.6799569644459362     
   6.7804006943805177        2.6829031467261761     
   6.7743855007554323        2.6756885772040633     
   6.7875405561262774        2.6888413422485851     
   6.7477920861931144        2.6667823230012453     
   6.7710979942782537        2.6845865618834606     
   6.7943759811027995        2.6769922832776967     
   6.7714128198933583        2.6746302927429584     
   6.7967080096562160        2.6821982918687373     
   6.7644709901391433        2.6828777335153862     
   6.8190372997112378        2.6727018046029656     
   6.7973827838970937        2.6944158247430714     
   6.7897141898388735        2.6688086140282090     
   6.7460409683886198        2.6803767544544077     
   6.8044934885090420        2.6921606319344882     
   6.7913092663522789        2.6853909201051751     
   6.7891869565291056        2.6862762558908302     
   6.7935304139952937        2.6792116039086418     
   6.8038156049968705        2.6735310581410734     
   6.7822662129634192        2.6837563450494439     
   6.7729730151757019        2.6738467715047594     
   6.8008346712223258        2.6619473482086158     
   6.7426595249027477        2.6695415578769568     
   6.7494616444487505        2.6613032685459639     
   6.7751928694751928        2.6707213522542590     
   6.7660415051333214        2.6646229869344058     
   6.7511493618983529        2.6537666312835895     
   6.7632394787303776        2.6668239758874188     
   6.7563447711336879        2.6776365316177526     
   6.7703783425752082        2.6632453556208397     
   6.7862831271866000        2.6807653839313974     
   6.7721481340090293        2.6782948166723011     
   6.7632443470576717        2.6792666315029052     
   6.8051691044656728        2.6910698275155127     
   6.8036410812739341        2.6881291533461127     
   6.7946888425409284        2.6835728109118251     
   6.7708202729074740        2.6805981425888392     
   6.7915897360366175        2.6882472662663632     
   6.7712886689141616        2.6898627964318509     
   6.7983802999737053        2.6809127836775608     
   6.7623439926023581        2.6777216792715075     
   6.7705404276515964        2.6764500828697750     
   6.7622464796386108        2.6812145964051122     
   6.7607980650879060        2.6717485385140503     
   6.7598602161750909        2.6802567642469524     
   6.7852798851052176        2.6786921132301162     
   6.7780597298936138        2.6752604409830236     
   6.7626855067640079        2.6766718363172686     
   6.8029618851066171        2.6878753920798855     
   6.7743677501771256        2.6843273827322798     
   6.7815361864541543        2.6877163683329832     
   6.8018231051629190        2.6830038198302044     
   6.7770401681795667        2.6879139980769144     
   6.7728688716349232        2.6732732926250775     
   6.8220807311118561        2.6812297403333853     
   6.7770489358020978        2.6775453119881547     
   6.7917500007411302        2.6766360687932127     
   6.7841517363218857        2.6885731008057769     
   6.7885204088033095        2.6808632086554924     
   6.7780451688290153        2.6794124022012378     
   6.7759162134222439        2.6734490608571764     
   6.7944662379724878        2.6894483126752338     
   6.7831723211619783        2.6841047965050895     
   6.7842599760915840        2.6792229341678300     
   6.7786103274205507        2.6801278617188120     
   6.7623207558470853        2.6671286357358488     
   6.7678396877454547        2.6732159206755326     
   6.7367987356748422        2.6714997390427819     
   6.7542411322914635        2.6762825437408355     
   6.7841332290324985        2.6732698935040271     
   6.7303452538541286        2.6694213580313586     
   6.7734563281416911        2.6751812909231583     
   6.7725823776543264        2.6773417315710453     
   6.7654778643115803        2.6584101486237710     
   6.7632861168463920        2.6796632049730480     
   6.7718336943968733        2.6866330019024574     
   6.7567611993504499        2.6686977626776893     
   6.7653470898838926        2.6672197936443509     
   6.7898985541844432        2.6833519217922688     
   6.7585852302149725        2.6778250703790443     
   6.7949456792894383        2.6789460767772986     
   6.7799739026289645        2.6826214541109974     
   6.7685799621476548        2.6745153500065890     
   6.7937363464178073        2.6713155139920839     
   6.7709914944176379        2.6781578987294061     
   6.7720170719265518        2.6868682127529833     
   6.7787735650877909        2.6854269606591941     
   6.8150288419755860        2.6844565132333109     
   6.8145160629820749        2.6935786886440187     
   6.8065622653137652        2.6968886090119781     
   6.8153070857510079        2.6914591386442810     
   6.8041624668032981        2.6745286860757185     
   6.8003143828590709        2.6754591936030581     
   6.8049188668120033        2.6746671041671921     
   6.7722160371672508        2.6731624513110090     
   6.7767482574075988        2.6470305486154424     
   6.7519292136578546        2.6612971143703508     
   6.7521087448248398        2.6694967160395060     
   6.7673199646072888        2.6604135734629737     
   6.7788934177179838        2.6676853481022982     
   6.7506096140108012        2.6763278972027607     
   6.7921160299929078        2.6710040822199241     
   6.7735079597852987        2.6705404102011379     
   6.7701151548639471        2.6733623292655624     
   6.7708594021262796        2.6907392262294421     
   6.8035384645572687        2.6826305358716671     
   6.7713186882855778        2.6800034069233090     
   6.7934546107805023        2.6760865162535064     
   6.7769554342535319        2.6900833083742834     
   6.7866432290879626        2.6603244944395468     
   6.7683756471680283        2.6785854592894753     
   6.7660633885980124        2.6851883498695837     
   6.7746394962896490        2.6697933084594010     
   6.7679367406764888        2.6663475374535195     
   6.7305656512550414        2.6701198605972660     
   6.7575572951779908        2.6569358394235034     
   6.7454752577432355        2.6683063340834399     
   6.7488318743230922        2.6749288532768611     
   6.7924628642239000        2.6688263183869383     
   6.7612644982060699        2.6716065088400893     
   6.7813339913814801        2.6746169272041822     
   6.7647825740458032        2.6533522904531135     
   6.7864949324792496        2.6672778450789387     
   6.8011779493969744        2.6892045807261735     
   6.8090346711263905        2.6750069091004423     
   6.8047109356635680        2.6701905777740178     
   6.8219574703840209        2.6775802954736481     
   6.8027524525535901        2.6854696354662488     
   6.8200473512245789        2.6730045365087749     
   6.8123728554687446        2.6845187170285074     
   6.8107896418818417        2.6877348452956462     
   6.8040617910147851        2.6705100057357010     
   6.7997210954899980        2.6785134612971468     
   6.8123311028192788        2.6726267668035071     
   6.7997756273617487        2.6771805102904391     
   6.7746626603886053        2.6722189145166939     
   6.7657926270933242        2.6691189654034040     
   6.7637185887337878        2.6669933359924323     
   6.7764896642967525        2.6650657313726360     
   6.7558182955051258        2.6666867635437357     
   6.7514179566516503        2.6622701598903742     
   6.7681405142948474        2.6721991887342726     
   6.7801418643553273        2.6757560374928144     
   6.7940081599766229        2.6749206083937738     
   6.7618671392107643        2.6867892763280241     
   6.7886780492533596        2.6796592410073163     
   6.7818243619392327        2.6762466413713488     
   6.7992364317945650        2.6807544801043628     
   6.7774682121425291        2.6774507557998053     
   6.7795497308855150        2.6816703728926923     
   6.7806940861411427        2.6882524693893632     
   6.7957955324151866        2.6584997576686735     
   6.7652754891017857        2.6774457985578222     
   6.7789185302574309        2.6759718521024030     
   6.7639138258811009        2.6733545907564387     
   6.7858753616763670        2.6619741397452157     
   6.7950604786325410        2.6708781121612319     
   6.7697592039798336        2.6783170884562288     
   6.8052262282383786        2.6759187937493540     
   6.7502510365742960        2.6603778279980803     
   6.7769303093271862        2.6616136707615770     
   6.7701285437207677        2.6743640603148511     
   6.7610838404968376        2.6539389349892728     
   6.7437535595675513        2.6534241964634462     
   6.7487903648655418        2.6567278494838003     
   6.7343734747527222        2.6630497977885152     
   6.7649833937625221        2.6640699646823514     
   6.7513700317442886        2.6632004460138328     
   6.7306504413128811        2.6648371581043220     
   6.7691163175020748        2.6805257782046734     
   6.7847691950952420        2.6809588107012075     
   6.8087038194304785        2.6818059823583629     
   6.7714922956985646        2.6796476202067439     
   6.7986854293536112        2.6830328270601287     
   6.8121611559349411        2.6914632742953364     
   6.8090952237524718        2.6869931191922873     
   6.8043160587589089        2.6905330420127775     
   6.8253086415300679        2.6896537271607768     
   6.8234790207722362        2.6949883209439354     
   6.8269357130780470        2.6743360122546216     
   6.8096109386242958        2.6739384084619924     
   6.7860920774312117        2.6777980828251668     
   6.7921928128449327        2.6729934205511090     
   6.7809411225254683        2.6647496674418041     
   6.7818560880066858        2.6640346825000858     
   6.7490633174276162        2.6638714268662111     
   6.7683101333162821        2.6592261754300508     
   6.7579579845196154        2.6610876649023334     
   6.7537920952269808        2.6705199027091853     
   6.7832309209928159        2.6700050307426029     
   6.7781299834670392        2.6773767332392433     
   6.7800840447829334        2.6720381681256904     
   6.7707084021563091        2.6801648976640218     
   6.7774960196514442        2.6750368393132358     
   6.7744450103922773        2.6789236227085631     
   6.7524519452971266        2.6764136796935527     
   6.7490670318491368        2.6661402487652968     
   6.7349767786362325        2.6679832707678486     
   6.7569218428704918        2.6565325578916372     
   6.7530838755325675        2.6700810409554814     
   6.7782916151361379        2.6774167942033786     
   6.7750026399951855        2.6716035983125388     
   6.7728122935046304        2.6755748589548194     
   6.7960873039019720        2.6851723588993659     
   6.7732617853425126        2.6653475427866340     
   6.7675466416921726        2.6669831253108778     
   6.7798736187794448        2.6694451272032635     
   6.7682380194877485        2.6687941070293104     
   6.7655315689689584        2.6706423364779610     
   6.7924926189304404        2.6621837461153857     
   6.7608355608600554        2.6708637162905129     
   6.7736118708380673        2.6701497903963998     
   6.7807497631688651        2.6717747156903249     
   6.7942571379114360        2.6828302062240157     
   6.7719388860030261        2.6747258032443955     
   6.7782768972694685        2.6739495529487578     
   6.7843582686449011        2.6882850659125093     
   6.7927900902029776        2.6677077282242023     
   6.7847408723721649        2.6726058670555042     
   6.7708771817094640        2.6754753488666347     
   6.7818753198819097        2.6697220021049288     
   6.7827973804637018        2.6707736778495752     
   6.7739209811218544        2.6732318309699226     
   6.7720419942262575        2.6752682855504166     
   6.7972225240359609        2.6769706941109583     
   6.8015438753024560        2.6836512644533257     
   6.7753640161657263        2.6875065688152557     
   6.8010352838732686        2.6858015003970066     
   6.7864363179656841        2.6824693613059818     
   6.7856477265875803        2.6705547191038108     
   6.7776458807032594        2.6853855350295066     
   6.7675888565530293        2.6717663609430589     
   6.7834101643260762        2.6945653921167185     
   6.7622912422942774        2.6844153660464083     
   6.7609791240921320        2.6846970551968843     
   6.7476623227964270        2.6875014374008828     
   6.7698867063804649        2.6922392843486551     
   6.7307102368868232        2.6898363822398363     
   6.7468344989675995        2.6843374723086675     
   6.7290816164957539        2.6802819237589004     
   6.7386854878796107        2.6880892120563895     
   6.7221609866465943        2.6868516267032443     
   6.7417147324074893        2.6823058704824523     
   6.7222617338545279        2.6740474587374798     
   6.7301569118652473        2.6878918482438077     
   6.7405386475958160        2.6787524964087344     
   6.7651411272128978        2.6774771125256094     
   6.7844746542860097        2.6871010751915332     
   6.8103425129900064        2.6774663443016289     
   6.7863157274141956        2.6952052787613399     
   6.7957900048186968        2.6853736407196660     
   6.8043058755671657        2.6878850215438552     
   6.7926967047397477        2.6816056448009680     
   6.7633248103628247        2.6743936304745799     
   6.7845317973985146        2.6815873360192746     
   6.7571904777570051        2.6705585946112964     
   6.7660749715294815        2.6585975395180861     
   6.7562524345247290        2.6753912975390333     
   6.7695391602440278        2.6786677256238933     
   6.7834734385494802        2.6884646054916468     
   6.7864096114707424        2.6902681630393346     
   6.7967750636552262        2.6845249459016975     
   6.7466593229026142        2.6775910139698613     
   6.7584063061837174        2.6751326432155889     
   6.7721165117622313        2.6687250751033540     
   6.7836951023956562        2.6737348847774740     
   6.7590870613568983        2.6896152609254402     
   6.7888678190027978        2.6797530522062853     
   6.8198104079552708        2.6876913924601378     
   6.8082490965028448        2.6875151475921752     
   6.8099128060751797        2.6825753121119753     
   6.8021600672954659        2.6880503795518735     
   6.8084172257688760        2.6855543942607603     
   6.7981187777658700        2.6773305153803828     
   6.7865665460878457        2.6753183664710782     
   6.7785876050727856        2.6781025901509641     
   6.7959582170100701        2.6684575797685715     
   6.7878120291404143        2.6789292900162267     
   6.7729357809481563        2.6568169968150315     
   6.7647880275979055        2.6746275265369732     
   6.7791498860794661        2.6707670192134509     
   6.7558743333538338        2.6636504783746879     
   6.7639545228383557        2.6735277540108244     
   6.7547474592599634        2.6723091699127974     
   6.7383672741260270        2.6642626800935294     
   6.7698305673606001        2.6727158104823419     
   6.7606326196926663        2.6731646535083486     
   6.7328214342409618        2.6763220352361685     
   6.7329466708010060        2.6713852283510033     
   6.7141472257557258        2.6733129273722791     
   6.7423757816491907        2.6895384963908788     
   6.7056958690892383        2.6771670203656801     
   6.7337891899444298        2.6865210287962067     
   6.7350707047383604        2.6877679472094878     
   6.7243749786404150        2.6898469462172461     
   6.7596335718391725        2.6948175690314868     
   6.7387380050144312        2.6914250726972169     
   6.7550070036915884        2.6824559573768729     
   6.7739512392814696        2.6947360973727315     
   6.7953000917514803        2.6933339996885892     
   6.7723960309566049        2.6811947049830009     
   6.7834717914173108        2.6849167320277010     
   6.7938494555867859        2.6942432387056372     
   6.8127555587089770        2.6845230919304655     
   6.8028877105822101        2.6817828392986738     
   6.7792617376778797        2.6698397078166831     
   6.7801463063660155        2.6689191163740515     
   6.7495922919986295        2.6675830902631077     
   6.7745221097646731        2.6672683326344591     
   6.7568130137152886        2.6642224921939284     
   6.7525520042461089        2.6656185971237409     
   6.7575634533868865        2.6594451445521052     
   6.7667065590865825        2.6663981873867204     
   6.7676587902701533        2.6821410236226448     
   6.7907382367466624        2.6810885690552282     
   6.7973948376688398        2.6906412565603492     
   6.7926947112957583        2.7009842508316906     
   6.8289087139589766        2.7036131420393330     
   6.8095278572975833        2.6853962081287324     
   6.7778124452018247        2.6693251989815674     
   6.7777791046530371        2.6806256943540094     
   6.7676427025666150        2.6671521342385263     
   6.7703747438699917        2.6803024014773129     
   6.7752596520636530        2.6665714835737333     
   6.7444193656668094        2.6718199717142528     
   6.7684445904466726        2.6558124273906127     
   6.7511409027334341        2.6597764726665178     
   6.7519969703278644        2.6591021122163845     
   6.7572449869161328        2.6655186567514688     
   6.7601056233257104        2.6596190037938272     
   6.7702992348100599        2.6590350209174205     
   6.7771694525805160        2.6632297941032772     
   6.7586347259979167        2.6644912321778342     
   6.7796912479167242        2.6790467265422815     
   6.7618902373688989        2.6689703855675768     
   6.8132998144767498        2.6732347370348966     
   6.7945806486512623        2.6802440650855210     
   6.7817265170486216        2.6737062861361989     
   6.7862018702371909        2.6796023691302708     
   6.7678560979429978        2.6802527183997320     
   6.7743223131019539        2.6804534444064196     
   6.7739319638460280        2.6875113897068799     
   6.7931157965696531        2.6883849132299509     
   6.7797169011675091        2.6950741001331942     
   6.7915012768924008        2.6767794520271275     
   6.7906355276117116        2.6912841904329277     
   6.7574187331453617        2.6687789292640147     
   6.7503592270009030        2.6874506614827460     
   6.7340227816882763        2.6847746264436250     
   6.7303919549111670        2.6666195532779482     
   6.7576491663886138        2.6804050366109267     
   6.7250052055096408        2.6861187866898693     
   6.7559714916701505        2.6950531925602945     
   6.7721671267478438        2.6986608648498329     
   6.7567913424697483        2.6994828983032670     
   6.7443609109671039        2.6976377263852012     
   6.7743712402215799        2.6947547888782406     
   6.7509596295134084        2.6902468984427679     
   6.7668665590130281        2.6952738901637900     
   6.7621622057057289        2.6950378692457333     
   6.7904183456475513        2.6949017822176029     
   6.7878852240117498        2.6919379572508109     
   6.7819207383613254        2.6982080463664180     
   6.7902177195785827        2.6954801849656373     
   6.8164111762432533        2.6802109162870167     
   6.7955324734176976        2.6865430306850606     
   6.7915733029462002        2.6683788941459636     
   6.7723411176551771        2.6632303118674550     
   6.7478529068119943        2.6591999587937645     
   6.7581124389688192        2.6581142185086897     
   6.7492405161217075        2.6607722055433722     
   6.7848447971311012        2.6798430784475227     
   6.7829367911507799        2.6570785302581994     
   6.7534528654360386        2.6589839416463610     
   6.7784659741466804        2.6589512654626315     
   6.7825680192766118        2.6681605336635594     
   6.7605650839895510        2.6585605897117968     
   6.7612417209647173        2.6657227830974648     
   6.7836630696374929        2.6627246387610617     
   6.7528597756387025        2.6641149844320258     
   6.7667117730570476        2.6609304144078423     
   6.7655283633052639        2.6766677551414113     
   6.7479127117581719        2.6757685478864826     
   6.8020113900339023        2.6725627337733733     
   6.7630313921545362        2.6912593792605422     
   6.7922349952420733        2.6720526050121962     
   6.7883638741753121        2.6952744966015993     
   6.7653292620412255        2.6758786306177020     
   6.7939736413471881        2.6865198708908480     
   6.7937214697868846        2.6788484456966879     
   6.7747047996339997        2.6854325196946798     
   6.7922584063702569        2.6921717722752136     
   6.7923560889868080        2.6813826546003812     
   6.7850908343055316        2.6829132448854924     
   6.7845404432673870        2.6842857759687435     
   6.7659838919715654        2.6788422782541148     
   6.7819575766311209        2.6633162681445111     
   6.7490170468070687        2.6695558886892359     
   6.7605059593617201        2.6743407194455178     
   6.7731556072974834        2.6739488344311177     
   6.7570175509175998        2.6830434294154690     
   6.7937633280012033        2.6890974089865765     
   6.7910173868396218        2.6860922414595141     
   6.7882003743491914        2.6921758007108378     
   6.7767616595582822        2.6896912475478110     
   6.7593087786128034        2.6958630050734520     
   6.7614168744000640        2.6976700624767131     
   6.7670796996449214        2.6929408962825643     
   6.7350491699319139        2.6965389418771548     
   6.7613183889401647        2.6880883565865479     
   6.7497140423881552        2.6811228992281655     
   6.7441666940950968        2.6891390862657203     
   6.7456961088999048        2.6783477921268593     
   6.7468391890053292        2.6812898804049414     
   6.7490279592887781        2.6806047913224638     
   6.7398094448752897        2.6830897060990848     
   6.7353842872515877        2.6716728093224740     
   6.7630613437943321        2.6670944990825682     
   6.7391033913106817        2.6734045611746855     
   6.7463277583620354        2.6706518056363722     
   6.7590898617778938        2.6910973375208096     
   6.7584917477838449        2.6731901026213936     
   6.7650760882474739        2.6877229929075335     
   6.7805924309105627        2.6947128510024823     
   6.7852066863897758        2.6908208121433312     
   6.7903655792332920        2.6812989006050660     
   6.7886649696916255        2.6895018326841607     
   6.7986487284124362        2.6905995412358856     
   6.8026616234398523        2.6813484537283343     
   6.7942845588562193        2.6803836318604120     
   6.7922865346246963        2.6894789172094526     
   6.8123729395118264        2.6837752315672860     
   6.7957948337038800        2.6829232223375215     
   6.8024315726292368        2.6823575534584432     
   6.7998241914311794        2.6681234516376735     
   6.7799918220270463        2.6565750790659370     
   6.7579213371838129        2.6583271891195759     
   6.7694566418736057        2.6562682823324248     
   6.7554821443697630        2.6676772376968665     
   6.7537892961582706        2.6582318332652877     
   6.7534453940957739        2.6566874318030713     
   6.7454637212677735        2.6597799881858522     
   6.7597786555263699        2.6624383948942509     
   6.7639425220454301        2.6657689753893377     
   6.7638980118360230        2.6792590887572474     
   6.7840602227169260        2.6924658558114589     
   6.7970339557251407        2.7022816154328622     
   6.8182133546942421        2.6922260041210717     
   6.7975091057761095        2.6919844591695572     
   6.7877363062986351        2.6844347389690704     
   6.7812636704842566        2.6715223208316776     
   6.7542622998448278        2.6683259672673860     
   6.7627973145669493        2.6734615054674369     
   6.7598329612772998        2.6783639772605476     
   6.7603127467052087        2.6770748926617975     
   6.7900320453187515        2.6833557483917843     
   6.7895302798899584        2.6882464781411710     
   6.7940822041531916        2.6701633689089479     
   6.7798359681132432        2.6698645796154352     
   6.7816823978438929        2.6714582778321798     
   6.7728637261083984        2.6619097561141936     
   6.7585190117059826        2.6673226077882073     
   6.7626286332405519        2.6669192757737323     
   6.7710401719929560        2.6548368414442058     
   6.7655932415813353        2.6607255201376607     
   6.7783256047027667        2.6689263368375338     
   6.7770081455492983        2.6652767495308254     
   6.7786237489891805        2.6771596956007899     
   6.7841801653160161        2.6819814712891192     
   6.7958331683277038        2.6732392912035916     
   6.7789548236912989        2.6800139320892065     
   6.7965826944843624        2.6795012719459463     
   6.7960884623875781        2.6887374438663980     
   6.7900612030722565        2.6966973082807835     
   6.8050193367302203        2.7094619835340876     
   6.7826035035330818        2.7111727892656043     
   6.7919110330329016        2.7011024113751247     
   6.7810629964720759        2.6968122257488774     
   6.7636120956898171        2.6960127836644645     
   6.7334691577479964        2.6864732051253220     
   6.7389452679826132        2.6810370498192779     
   6.7350403330834823        2.6853752240062780     
   6.7230651523744207        2.6689857504176002     
   6.7109733586342699        2.6729750400083301     
   6.7187534775114619        2.6658972182823821     
   6.7348430584429675        2.6724770643541262     
   6.7369241340464256        2.6664412626513343     
   6.7390413724569118        2.6691866414622076     
   6.7308341055648109        2.6711985651357550     
   6.7496934479098218        2.6821206810255469     
   6.7661974415340804        2.6918810058207243     
   6.7639783027671569        2.6926089070850221     
   6.7682948893330703        2.6844639838013080     
   6.7867822621098126        2.6896802550076666     
   6.7962545325623616        2.6885479067778517     
   6.7781134775514031        2.6854450647793016     
   6.7629313037418486        2.6821986833853293     
   6.7821724701569304        2.6710340753640978     
   6.7729913901860446        2.6709896173167467     
   6.7924501968612070        2.6772723152937936     
   6.7510678884203301        2.6579994938472344     
   6.7410914600379206        2.6618935503073855     
   6.7758419565284731        2.6712299537578601     
   6.7675870686916504        2.6818319012051326     
   6.7849323294560913        2.6749851124826094     
   6.7918465317704726        2.6778710945476454     
   6.7715903330408951        2.6767557150279666     
   6.7948046268824749        2.6747613800544179     
   6.7913860090647855        2.6667581443166726     
   6.7711064906927003        2.6717992042639365     
   6.7949064642169610        2.6784090204817463     
   6.8095895657405947        2.6962430296548883     
   6.8214503294454651        2.6987194009105666     
   6.8094873481755780        2.7041324015183359     
   6.8098104205621066        2.6982784170722312     
   6.8040161296348654        2.6849606231029011     
   6.7893210506083639        2.6825733350920999     
   6.7785175363045820        2.6650645223466820     
   6.7543747426041509        2.6611634823042412     
   6.7363081045238937        2.6706366305167957     
   6.7609556941336528        2.6721985393157568     
   6.7585208697142125        2.6666062730798172     
   6.7566461453993210        2.6739133516361626     
   6.7799603085960198        2.6814003047276422     
   6.8007197101325421        2.6753643367000528     
   6.7435439808971864        2.6589866854532520     
   6.7585864686237347        2.6717075986684762     
   6.7860548530567586        2.6583088413806326     
   6.7750860938095698        2.6634109389146188     
   6.7668252367157447        2.6621144587266050     
   6.7665404767258863        2.6663733338295539     
