 # Time                      | normPsi                | normPsi_t               | normPsi_0               | normPsi_t_Psi_0
  0.20000000000000001       0.99999999999846267       0.99999999999996247        1.0000000000000036       0.97256188444385572     
  0.40000000000000002       0.99999999999846267       0.99999999999995959        1.0000000000000036       0.90206952889901582     
  0.60000000000000009       0.99999999999846267       0.99999999999995581        1.0000000000000036       0.81752788218344397     
  0.80000000000000004       0.99999999999846267       0.99999999999996581        1.0000000000000036       0.74856990195676087     
   1.0000000000000000       0.99999999999846267       0.99999999999997635        1.0000000000000036       0.70780621794509968     
   1.2000000000000000       0.99999999999846267       0.99999999999999045        1.0000000000000036       0.68646327167189891     
   1.3999999999999999       0.99999999999846267       0.99999999999999900        1.0000000000000036       0.66788841345331673     
   1.5999999999999999       0.99999999999846267       0.99999999999999512        1.0000000000000036       0.64314293588842852     
   1.7999999999999998       0.99999999999846267       0.99999999999999356        1.0000000000000036       0.61490153400736480     
   1.9999999999999998       0.99999999999846267        1.0000000000000071        1.0000000000000036       0.59058562495460987     
   2.1999999999999997       0.99999999999846267       0.99999999999999956        1.0000000000000036       0.57311142077659749     
   2.3999999999999999       0.99999999999846267        1.0000000000000038        1.0000000000000036       0.55794646049917551     
   2.6000000000000001       0.99999999999846267        1.0000000000000075        1.0000000000000036       0.53796772825585693     
   2.8000000000000003       0.99999999999846267        1.0000000000000044        1.0000000000000036       0.50982647477194842     
   3.0000000000000004       0.99999999999846267        1.0000000000000009        1.0000000000000036       0.47616323834057084     
   3.2000000000000006       0.99999999999846267        1.0000000000000044        1.0000000000000036       0.44322931429930323     
   3.4000000000000008       0.99999999999846267        1.0000000000000067        1.0000000000000036       0.41679269282844134     
   3.6000000000000010       0.99999999999846267       0.99999999999999978        1.0000000000000036       0.39903581454384340     
   3.8000000000000012       0.99999999999846267        1.0000000000000042        1.0000000000000036       0.38784631146352494     
   4.0000000000000009       0.99999999999846267        1.0000000000000142        1.0000000000000036       0.37917766788988011     
   4.2000000000000011       0.99999999999846267        1.0000000000000062        1.0000000000000036       0.37065168133000764     
   4.4000000000000012       0.99999999999846267       0.99999999999999956        1.0000000000000036       0.36265671338177446     
   4.6000000000000014       0.99999999999846267        1.0000000000000049        1.0000000000000036       0.35607028686564951     
   4.8000000000000016       0.99999999999846267        1.0000000000000040        1.0000000000000036       0.34972553340619905     
   5.0000000000000018       0.99999999999846267        1.0000000000000053        1.0000000000000036       0.34065121422679778     
   5.2000000000000020       0.99999999999846267        1.0000000000000027        1.0000000000000036       0.32656167304921618     
   5.4000000000000021       0.99999999999846267        1.0000000000000053        1.0000000000000036       0.30791869555768708     
   5.6000000000000023       0.99999999999846267        1.0000000000000060        1.0000000000000036       0.28790151290836419     
   5.8000000000000025       0.99999999999846267        1.0000000000000058        1.0000000000000036       0.27048590695286234     
   6.0000000000000027       0.99999999999846267       0.99999999999999689        1.0000000000000036       0.25802088496534681     
   6.2000000000000028       0.99999999999846267        1.0000000000000058        1.0000000000000036       0.25012743201082344     
   6.4000000000000030       0.99999999999846267        1.0000000000000022        1.0000000000000036       0.24475616121535529     
   6.6000000000000032       0.99999999999846267        1.0000000000000042        1.0000000000000036       0.24006841348856581     
   6.8000000000000034       0.99999999999846267        1.0000000000000071        1.0000000000000036       0.23525123985080879     
   7.0000000000000036       0.99999999999846267        1.0000000000000002        1.0000000000000036       0.23000068328842235     
   7.2000000000000037       0.99999999999846267        1.0000000000000051        1.0000000000000036       0.22377057949954510     
   7.4000000000000039       0.99999999999846267        1.0000000000000024        1.0000000000000036       0.21574397494350303     
   7.6000000000000041       0.99999999999846267       0.99999999999999911        1.0000000000000036       0.20536882723209018     
   7.8000000000000043       0.99999999999846267        1.0000000000000053        1.0000000000000036       0.19270652101454347     
   8.0000000000000036       0.99999999999846267        1.0000000000000018        1.0000000000000036       0.17844709198390121     
   8.2000000000000028       0.99999999999846267        1.0000000000000016        1.0000000000000036       0.16386975434663306     
   8.4000000000000021       0.99999999999846267        1.0000000000000018        1.0000000000000036       0.15057409528228349     
   8.6000000000000014       0.99999999999846267        1.0000000000000064        1.0000000000000036       0.13985509486279579     
   8.8000000000000007       0.99999999999846267        1.0000000000000080        1.0000000000000036       0.13215968827571212     
   9.0000000000000000       0.99999999999846267        1.0000000000000027        1.0000000000000036       0.12678901047017430     
   9.1999999999999993       0.99999999999846267        1.0000000000000040        1.0000000000000036       0.12199344742641309     
   9.3999999999999986       0.99999999999846267        1.0000000000000042        1.0000000000000036       0.11596787232174943     
   9.5999999999999979       0.99999999999846267        1.0000000000000058        1.0000000000000036       0.10801290422639352     
   9.7999999999999972       0.99999999999846267        1.0000000000000064        1.0000000000000036        9.8610708397060431E-002
   9.9999999999999964       0.99999999999846267        1.0000000000000020        1.0000000000000036        8.8846281337417884E-002
   10.199999999999996       0.99999999999846267        1.0000000000000033        1.0000000000000036        8.0120074290840546E-002
   10.399999999999995       0.99999999999846267        1.0000000000000049        1.0000000000000036        7.3815703936520108E-002
   10.599999999999994       0.99999999999846267        1.0000000000000062        1.0000000000000036        7.0773675625130053E-002
   10.799999999999994       0.99999999999846267        1.0000000000000036        1.0000000000000036        7.1347826494925104E-002
   10.999999999999993       0.99999999999846267        1.0000000000000011        1.0000000000000036        7.5501088017213919E-002
   11.199999999999992       0.99999999999846267        1.0000000000000058        1.0000000000000036        8.2398020002876354E-002
   11.399999999999991       0.99999999999846267        1.0000000000000067        1.0000000000000036        9.0632017878447865E-002
   11.599999999999991       0.99999999999846267        1.0000000000000051        1.0000000000000036        9.8919219978417350E-002
   11.799999999999990       0.99999999999846267       0.99999999999999922        1.0000000000000036       0.10635513921095650     
   11.999999999999989       0.99999999999846267        1.0000000000000044        1.0000000000000036       0.11246458687453142     
   12.199999999999989       0.99999999999846267        1.0000000000000062        1.0000000000000036       0.11719732039691727     
   12.399999999999988       0.99999999999846267        1.0000000000000044        1.0000000000000036       0.12079823305695178     
   12.599999999999987       0.99999999999846267        1.0000000000000038        1.0000000000000036       0.12393225072626586     
   12.799999999999986       0.99999999999846267        1.0000000000000049        1.0000000000000036       0.12791650614092254     
   12.999999999999986       0.99999999999846267        1.0000000000000009        1.0000000000000036       0.13409489952478118     
   13.199999999999985       0.99999999999846267        1.0000000000000022        1.0000000000000036       0.14251091654196107     
   13.399999999999984       0.99999999999846267        1.0000000000000053        1.0000000000000036       0.15146348296102360     
   13.599999999999984       0.99999999999846267        1.0000000000000060        1.0000000000000036       0.15842337883903754     
   13.799999999999983       0.99999999999846267        1.0000000000000084        1.0000000000000036       0.16133912830049474     
   13.999999999999982       0.99999999999846267        1.0000000000000022        1.0000000000000036       0.15964198093287468     
   14.199999999999982       0.99999999999846267        1.0000000000000042        1.0000000000000036       0.15463982381038030     
   14.399999999999981       0.99999999999846267        1.0000000000000062        1.0000000000000036       0.14899091045464946     
   14.599999999999980       0.99999999999846267        1.0000000000000067        1.0000000000000036       0.14523443549319551     
   14.799999999999979       0.99999999999846267        1.0000000000000024        1.0000000000000036       0.14412310203133799     
   14.999999999999979       0.99999999999846267        1.0000000000000098        1.0000000000000036       0.14425563370206185     
   15.199999999999978       0.99999999999846267        1.0000000000000051        1.0000000000000036       0.14356756736243192     
   15.399999999999977       0.99999999999846267        1.0000000000000051        1.0000000000000036       0.14119240113006828     
   15.599999999999977       0.99999999999846267        1.0000000000000038        1.0000000000000036       0.13804496043489686     
   15.799999999999976       0.99999999999846267       0.99999999999999800        1.0000000000000036       0.13583096606709663     
   15.999999999999975       0.99999999999846267        1.0000000000000044        1.0000000000000036       0.13539015083033010     
   16.199999999999974       0.99999999999846267       0.99999999999999778        1.0000000000000036       0.13590792338239263     
   16.399999999999974       0.99999999999846267        1.0000000000000080        1.0000000000000036       0.13567423383797292     
   16.599999999999973       0.99999999999846267        1.0000000000000036        1.0000000000000036       0.13339158784606395     
   16.799999999999972       0.99999999999846267        1.0000000000000047        1.0000000000000036       0.12891585414349857     
   16.999999999999972       0.99999999999846267        1.0000000000000104        1.0000000000000036       0.12322011280360641     
   17.199999999999971       0.99999999999846267        1.0000000000000049        1.0000000000000036       0.11769197559872729     
   17.399999999999970       0.99999999999846267        1.0000000000000040        1.0000000000000036       0.11312058544314957     
   17.599999999999969       0.99999999999846267        1.0000000000000009        1.0000000000000036       0.10932700325322048     
   17.799999999999969       0.99999999999846267        1.0000000000000027        1.0000000000000036       0.10590170910048011     
   17.999999999999968       0.99999999999846267       0.99999999999999967        1.0000000000000036       0.10299134761965162     
   18.199999999999967       0.99999999999846267        1.0000000000000049        1.0000000000000036       0.10106735392188101     
   18.399999999999967       0.99999999999846267        1.0000000000000024        1.0000000000000036       0.10009435405952989     
   18.599999999999966       0.99999999999846267        1.0000000000000062        1.0000000000000036        9.9197522044108616E-002
   18.799999999999965       0.99999999999846267        1.0000000000000002        1.0000000000000036        9.7167076790037610E-002
   18.999999999999964       0.99999999999846267        1.0000000000000073        1.0000000000000036        9.3315613465685190E-002
   19.199999999999964       0.99999999999846267        1.0000000000000029        1.0000000000000036        8.8133323628254961E-002
   19.399999999999963       0.99999999999846267        1.0000000000000018        1.0000000000000036        8.3312226105331372E-002
   19.599999999999962       0.99999999999846267        1.0000000000000044        1.0000000000000036        8.0844410299044531E-002
   19.799999999999962       0.99999999999846267        1.0000000000000056        1.0000000000000036        8.1562932943340619E-002
   19.999999999999961       0.99999999999846267        1.0000000000000049        1.0000000000000036        8.4549352224421337E-002
   20.199999999999960       0.99999999999846267        1.0000000000000018        1.0000000000000036        8.8168813390794090E-002
   20.399999999999959       0.99999999999846267        1.0000000000000058        1.0000000000000036        9.1429268548986156E-002
   20.599999999999959       0.99999999999846267        1.0000000000000009        1.0000000000000036        9.4325674320909311E-002
   20.799999999999958       0.99999999999846267        1.0000000000000029        1.0000000000000036        9.7221900984125684E-002
   20.999999999999957       0.99999999999846267        1.0000000000000067        1.0000000000000036       0.10017067070643607     
   21.199999999999957       0.99999999999846267        1.0000000000000031        1.0000000000000036       0.10278208215549998     
   21.399999999999956       0.99999999999846267        1.0000000000000036        1.0000000000000036       0.10444739068105295     
   21.599999999999955       0.99999999999846267        1.0000000000000031        1.0000000000000036       0.10468086140120496     
   21.799999999999955       0.99999999999846267        1.0000000000000018        1.0000000000000036       0.10353070777618285     
   21.999999999999954       0.99999999999846267        1.0000000000000031        1.0000000000000036       0.10172515940197778     
   22.199999999999953       0.99999999999846267        1.0000000000000018        1.0000000000000036       0.10033071281730095     
   22.399999999999952       0.99999999999846267        1.0000000000000038        1.0000000000000036       0.10022579118177759     
   22.599999999999952       0.99999999999846267        1.0000000000000018        1.0000000000000036       0.10162857126026090     
   22.799999999999951       0.99999999999846267        1.0000000000000000        1.0000000000000036       0.10377081939071700     
   22.999999999999950       0.99999999999846267        1.0000000000000058        1.0000000000000036       0.10517710418649075     
   23.199999999999950       0.99999999999846267        1.0000000000000067        1.0000000000000036       0.10459234674769355     
   23.399999999999949       0.99999999999846267       0.99999999999999911        1.0000000000000036       0.10174522718825520     
   23.599999999999948       0.99999999999846267        1.0000000000000075        1.0000000000000036        9.7427346794670813E-002
   23.799999999999947       0.99999999999846267        1.0000000000000036        1.0000000000000036        9.3064881611163636E-002
   23.999999999999947       0.99999999999846267        1.0000000000000067        1.0000000000000036        8.9988213936014264E-002
   24.199999999999946       0.99999999999846267        1.0000000000000067        1.0000000000000036        8.8614490925939426E-002
   24.399999999999945       0.99999999999846267        1.0000000000000044        1.0000000000000036        8.8261566001777217E-002
   24.599999999999945       0.99999999999846267        1.0000000000000020        1.0000000000000036        8.7970916014819905E-002
   24.799999999999944       0.99999999999846267        1.0000000000000002        1.0000000000000036        8.7471942961493965E-002
   24.999999999999943       0.99999999999846267        1.0000000000000040        1.0000000000000036        8.7324889659997809E-002
   25.199999999999942       0.99999999999846267        1.0000000000000067        1.0000000000000036        8.8208901291530542E-002
   25.399999999999942       0.99999999999846267        1.0000000000000049        1.0000000000000036        9.0048879674903284E-002
   25.599999999999941       0.99999999999846267        1.0000000000000075        1.0000000000000036        9.1809956730884698E-002
   25.799999999999940       0.99999999999846267        1.0000000000000067        1.0000000000000036        9.2122996215556099E-002
   25.999999999999940       0.99999999999846267        1.0000000000000040        1.0000000000000036        9.0154144740475617E-002
   26.199999999999939       0.99999999999846267        1.0000000000000016        1.0000000000000036        8.6142954082443643E-002
   26.399999999999938       0.99999999999846267        1.0000000000000056        1.0000000000000036        8.1367400553158539E-002
   26.599999999999937       0.99999999999846267        1.0000000000000075        1.0000000000000036        7.7478178648131391E-002
   26.799999999999937       0.99999999999846267        1.0000000000000058        1.0000000000000036        7.5464913950585147E-002
   26.999999999999936       0.99999999999846267        1.0000000000000071        1.0000000000000036        7.5089392283049713E-002
   27.199999999999935       0.99999999999846267        1.0000000000000029        1.0000000000000036        7.5369211514238407E-002
   27.399999999999935       0.99999999999846267        1.0000000000000049        1.0000000000000036        7.5431360534306727E-002
   27.599999999999934       0.99999999999846267        1.0000000000000009        1.0000000000000036        7.4856565382748916E-002
   27.799999999999933       0.99999999999846267       0.99999999999999944        1.0000000000000036        7.3589120872300587E-002
   27.999999999999932       0.99999999999846267        1.0000000000000062        1.0000000000000036        7.1888053887509823E-002
   28.199999999999932       0.99999999999846267        1.0000000000000053        1.0000000000000036        7.0356778321093411E-002
   28.399999999999931       0.99999999999846267        1.0000000000000049        1.0000000000000036        6.9701962308074392E-002
   28.599999999999930       0.99999999999846267        1.0000000000000062        1.0000000000000036        7.0238282210391481E-002
   28.799999999999930       0.99999999999846267        1.0000000000000016        1.0000000000000036        7.1676388024014756E-002
   28.999999999999929       0.99999999999846267        1.0000000000000047        1.0000000000000036        7.3380906730989737E-002
   29.199999999999928       0.99999999999846267        1.0000000000000073        1.0000000000000036        7.4744656315512220E-002
   29.399999999999928       0.99999999999846267        1.0000000000000049        1.0000000000000036        7.5487622059835058E-002
   29.599999999999927       0.99999999999846267        1.0000000000000004        1.0000000000000036        7.5801577017340693E-002
   29.799999999999926       0.99999999999846267        1.0000000000000053        1.0000000000000036        7.6132692016920037E-002
   29.999999999999925       0.99999999999846267        1.0000000000000060        1.0000000000000036        7.6678338042023869E-002
   30.199999999999925       0.99999999999846267        1.0000000000000042        1.0000000000000036        7.7086579557384280E-002
   30.399999999999924       0.99999999999846267        1.0000000000000018        1.0000000000000036        7.6667880967428950E-002
   30.599999999999923       0.99999999999846267        1.0000000000000036        1.0000000000000036        7.4937755214396051E-002
   30.799999999999923       0.99999999999846267        1.0000000000000042        1.0000000000000036        7.2097576756579337E-002
   30.999999999999922       0.99999999999846267        1.0000000000000069        1.0000000000000036        6.9064659834540146E-002
   31.199999999999921       0.99999999999846267        1.0000000000000069        1.0000000000000036        6.6881966907317361E-002
   31.399999999999920       0.99999999999846267        1.0000000000000067        1.0000000000000036        6.5911381975373287E-002
   31.599999999999920       0.99999999999846267        1.0000000000000027        1.0000000000000036        6.5582878785744897E-002
   31.799999999999919       0.99999999999846267        1.0000000000000042        1.0000000000000036        6.4888283370384311E-002
   31.999999999999918       0.99999999999846267        1.0000000000000018        1.0000000000000036        6.3082520645789911E-002
   32.199999999999918       0.99999999999846267        1.0000000000000053        1.0000000000000036        6.0144200601433044E-002
   32.399999999999920       0.99999999999846267        1.0000000000000080        1.0000000000000036        5.6814327557559677E-002
   32.599999999999923       0.99999999999846267        1.0000000000000071        1.0000000000000036        5.4137402010769824E-002
   32.799999999999926       0.99999999999846267        1.0000000000000020        1.0000000000000036        5.2730705782165918E-002
   32.999999999999929       0.99999999999846267        1.0000000000000080        1.0000000000000036        5.2384786292010668E-002
   33.199999999999932       0.99999999999846267        1.0000000000000013        1.0000000000000036        5.2338767584283873E-002
   33.399999999999935       0.99999999999846267        1.0000000000000064        1.0000000000000036        5.1860290252362440E-002
   33.599999999999937       0.99999999999846267        1.0000000000000058        1.0000000000000036        5.0666706867489524E-002
   33.799999999999940       0.99999999999846267        1.0000000000000042        1.0000000000000036        4.9013249535697322E-002
   33.999999999999943       0.99999999999846267        1.0000000000000084        1.0000000000000036        4.7394735115639082E-002
   34.199999999999946       0.99999999999846267        1.0000000000000058        1.0000000000000036        4.6065059022910845E-002
   34.399999999999949       0.99999999999846267        1.0000000000000084        1.0000000000000036        4.4903249404864370E-002
   34.599999999999952       0.99999999999846267        1.0000000000000069        1.0000000000000036        4.3856231932379690E-002
   34.799999999999955       0.99999999999846267        1.0000000000000084        1.0000000000000036        4.3422417044512822E-002
   34.999999999999957       0.99999999999846267        1.0000000000000031        1.0000000000000036        4.4389411593807299E-002
   35.199999999999960       0.99999999999846267        1.0000000000000038        1.0000000000000036        4.6852872065535775E-002
   35.399999999999963       0.99999999999846267        1.0000000000000064        1.0000000000000036        4.9882000242804606E-002
   35.599999999999966       0.99999999999846267        1.0000000000000080        1.0000000000000036        5.2468367053289618E-002
   35.799999999999969       0.99999999999846267        1.0000000000000049        1.0000000000000036        5.4463970578064708E-002
   35.999999999999972       0.99999999999846267        1.0000000000000067        1.0000000000000036        5.6522158626701902E-002
   36.199999999999974       0.99999999999846267        1.0000000000000036        1.0000000000000036        5.9307446574252777E-002
   36.399999999999977       0.99999999999846267        1.0000000000000053        1.0000000000000036        6.2809137145984267E-002
   36.599999999999980       0.99999999999846267        1.0000000000000027        1.0000000000000036        6.6327315569355852E-002
   36.799999999999983       0.99999999999846267        1.0000000000000073        1.0000000000000036        6.8992110503244081E-002
   36.999999999999986       0.99999999999846267        1.0000000000000038        1.0000000000000036        7.0335796675145890E-002
   37.199999999999989       0.99999999999846267        1.0000000000000027        1.0000000000000036        7.0547505071683017E-002
   37.399999999999991       0.99999999999846267        1.0000000000000075        1.0000000000000036        7.0311801424089687E-002
   37.599999999999994       0.99999999999846267        1.0000000000000089        1.0000000000000036        7.0391811395951506E-002
   37.799999999999997       0.99999999999846267        1.0000000000000058        1.0000000000000036        7.1168378681047778E-002
   38.000000000000000       0.99999999999846267        1.0000000000000084        1.0000000000000036        7.2316245448231092E-002
   38.200000000000003       0.99999999999846267        1.0000000000000036        1.0000000000000036        7.2858185023174885E-002
   38.400000000000006       0.99999999999846267        1.0000000000000053        1.0000000000000036        7.1667637825953548E-002
   38.600000000000009       0.99999999999846267        1.0000000000000022        1.0000000000000036        6.8126345059424540E-002
   38.800000000000011       0.99999999999846267        1.0000000000000040        1.0000000000000036        6.2576451774864789E-002
   39.000000000000014       0.99999999999846267        1.0000000000000056        1.0000000000000036        5.6355584662343632E-002
   39.200000000000017       0.99999999999846267        1.0000000000000049        1.0000000000000036        5.1265650656169177E-002
   39.400000000000020       0.99999999999846267        1.0000000000000051        1.0000000000000036        4.8490198520482752E-002
   39.600000000000023       0.99999999999846267        1.0000000000000067        1.0000000000000036        4.7738745866241862E-002
   39.800000000000026       0.99999999999846267        1.0000000000000038        1.0000000000000036        4.7713363170365036E-002
   40.000000000000028       0.99999999999846267        1.0000000000000042        1.0000000000000036        4.7329585693006354E-002
   40.200000000000031       0.99999999999846267        1.0000000000000075        1.0000000000000036        4.6356612508693759E-002
   40.400000000000034       0.99999999999846267        1.0000000000000095        1.0000000000000036        4.5285987543367975E-002
   40.600000000000037       0.99999999999846267        1.0000000000000027        1.0000000000000036        4.4851671416413524E-002
   40.800000000000040       0.99999999999846267        1.0000000000000071        1.0000000000000036        4.5541061368667701E-002
   41.000000000000043       0.99999999999846267        1.0000000000000049        1.0000000000000036        4.7296648726247587E-002
   41.200000000000045       0.99999999999846267        1.0000000000000067        1.0000000000000036        4.9610452830804501E-002
   41.400000000000048       0.99999999999846267        1.0000000000000098        1.0000000000000036        5.1988971101169165E-002
   41.600000000000051       0.99999999999846267        1.0000000000000058        1.0000000000000036        5.4323528024420066E-002
   41.800000000000054       0.99999999999846267        1.0000000000000044        1.0000000000000036        5.6838600407499593E-002
   42.000000000000057       0.99999999999846267        1.0000000000000069        1.0000000000000036        5.9828530377921074E-002
   42.200000000000060       0.99999999999846267        1.0000000000000033        1.0000000000000036        6.3441182732521084E-002
   42.400000000000063       0.99999999999846267        1.0000000000000024        1.0000000000000036        6.7505516397429827E-002
   42.600000000000065       0.99999999999846267        1.0000000000000018        1.0000000000000036        7.1524365305979470E-002
   42.800000000000068       0.99999999999846267        1.0000000000000036        1.0000000000000036        7.4967061474966235E-002
   43.000000000000071       0.99999999999846267        1.0000000000000044        1.0000000000000036        7.7567863934048034E-002
   43.200000000000074       0.99999999999846267        1.0000000000000058        1.0000000000000036        7.9321707849663942E-002
   43.400000000000077       0.99999999999846267        1.0000000000000080        1.0000000000000036        8.0354221873913320E-002
   43.600000000000080       0.99999999999846267        1.0000000000000102        1.0000000000000036        8.0986680896103794E-002
   43.800000000000082       0.99999999999846267        1.0000000000000075        1.0000000000000036        8.1924453448204385E-002
   44.000000000000085       0.99999999999846267        1.0000000000000093        1.0000000000000036        8.4126400846085775E-002
   44.200000000000088       0.99999999999846267        1.0000000000000069        1.0000000000000036        8.8102942653817906E-002
   44.400000000000091       0.99999999999846267        1.0000000000000024        1.0000000000000036        9.3259418203086919E-002
   44.600000000000094       0.99999999999846267        1.0000000000000047        1.0000000000000036        9.8205814071957845E-002
   44.800000000000097       0.99999999999846267        1.0000000000000067        1.0000000000000036       0.10172997966458983     
   45.000000000000099       0.99999999999846267        1.0000000000000027        1.0000000000000036       0.10336790313856631     
   45.200000000000102       0.99999999999846267        1.0000000000000060        1.0000000000000036       0.10327653206918372     
   45.400000000000105       0.99999999999846267        1.0000000000000058        1.0000000000000036       0.10189502799307151     
   45.600000000000108       0.99999999999846267        1.0000000000000062        1.0000000000000036        9.9752023403514037E-002
   45.800000000000111       0.99999999999846267        1.0000000000000060        1.0000000000000036        9.7355691457760365E-002
   46.000000000000114       0.99999999999846267        1.0000000000000080        1.0000000000000036        9.5104228855203990E-002
   46.200000000000117       0.99999999999846267        1.0000000000000056        1.0000000000000036        9.3249574079644834E-002
   46.400000000000119       0.99999999999846267        1.0000000000000064        1.0000000000000036        9.1866903800765148E-002
   46.600000000000122       0.99999999999846267        1.0000000000000047        1.0000000000000036        9.0916624818846145E-002
   46.800000000000125       0.99999999999846267        1.0000000000000067        1.0000000000000036        9.0497890196941017E-002
   47.000000000000128       0.99999999999846267        1.0000000000000029        1.0000000000000036        9.0904447747260697E-002
   47.200000000000131       0.99999999999846267        1.0000000000000082        1.0000000000000036        9.2151212291804466E-002
   47.400000000000134       0.99999999999846267        1.0000000000000069        1.0000000000000036        9.3546914844489348E-002
   47.600000000000136       0.99999999999846267        1.0000000000000095        1.0000000000000036        9.3971332829018303E-002
   47.800000000000139       0.99999999999846267        1.0000000000000087        1.0000000000000036        9.2539330966915634E-002
   48.000000000000142       0.99999999999846267        1.0000000000000044        1.0000000000000036        8.9099311984712604E-002
   48.200000000000145       0.99999999999846267        1.0000000000000033        1.0000000000000036        8.4458723480086456E-002
   48.400000000000148       0.99999999999846267        1.0000000000000038        1.0000000000000036        8.0179673493281603E-002
   48.600000000000151       0.99999999999846267        1.0000000000000036        1.0000000000000036        7.7657812409619997E-002
   48.800000000000153       0.99999999999846267        1.0000000000000058        1.0000000000000036        7.7007158268531301E-002
   49.000000000000156       0.99999999999846267        1.0000000000000058        1.0000000000000036        7.7046279215158692E-002
   49.200000000000159       0.99999999999846267        1.0000000000000069        1.0000000000000036        7.6404095698568042E-002
   49.400000000000162       0.99999999999846267        1.0000000000000009        1.0000000000000036        7.4484147620358918E-002
   49.600000000000165       0.99999999999846267        1.0000000000000060        1.0000000000000036        7.1756656289629989E-002
   49.800000000000168       0.99999999999846267        1.0000000000000064        1.0000000000000036        6.9469703726445897E-002
   50.000000000000171       0.99999999999846267        1.0000000000000093        1.0000000000000036        6.8802843836499095E-002
   50.200000000000173       0.99999999999846267        1.0000000000000087        1.0000000000000036        6.9949612367548056E-002
   50.400000000000176       0.99999999999846267        1.0000000000000058        1.0000000000000036        7.2072533211667664E-002
   50.600000000000179       0.99999999999846267        1.0000000000000036        1.0000000000000036        7.4087872921656653E-002
   50.800000000000182       0.99999999999846267        1.0000000000000064        1.0000000000000036        7.5359146866124674E-002
   51.000000000000185       0.99999999999846267        1.0000000000000080        1.0000000000000036        7.5880943530515929E-002
   51.200000000000188       0.99999999999846267        1.0000000000000067        1.0000000000000036        7.6009614148466895E-002
   51.400000000000190       0.99999999999846267        1.0000000000000040        1.0000000000000036        7.6015678892146818E-002
   51.600000000000193       0.99999999999846267        1.0000000000000058        1.0000000000000036        7.5959933035893587E-002
   51.800000000000196       0.99999999999846267        1.0000000000000075        1.0000000000000036        7.5958637016760103E-002
   52.000000000000199       0.99999999999846267        1.0000000000000098        1.0000000000000036        7.6212307532715032E-002
   52.200000000000202       0.99999999999846267        1.0000000000000084        1.0000000000000036        7.6582735068603872E-002
   52.400000000000205       0.99999999999846267        1.0000000000000049        1.0000000000000036        7.6401783398938078E-002
   52.600000000000207       0.99999999999846267        1.0000000000000095        1.0000000000000036        7.4881531087609629E-002
   52.800000000000210       0.99999999999846267        1.0000000000000073        1.0000000000000036        7.1617768348162011E-002
   53.000000000000213       0.99999999999846267        1.0000000000000071        1.0000000000000036        6.6817447209500488E-002
   53.200000000000216       0.99999999999846267        1.0000000000000018        1.0000000000000036        6.1365641820348441E-002
   53.400000000000219       0.99999999999846267        1.0000000000000075        1.0000000000000036        5.6639409701079710E-002
   53.600000000000222       0.99999999999846267        1.0000000000000080        1.0000000000000036        5.3717416895714895E-002
   53.800000000000225       0.99999999999846267        1.0000000000000104        1.0000000000000036        5.2448978068084434E-002
   54.000000000000227       0.99999999999846267        1.0000000000000033        1.0000000000000036        5.1647920121325581E-002
   54.200000000000230       0.99999999999846267        1.0000000000000071        1.0000000000000036        5.0227120203096449E-002
   54.400000000000233       0.99999999999846267        1.0000000000000075        1.0000000000000036        4.7906354955169379E-002
   54.600000000000236       0.99999999999846267        1.0000000000000100        1.0000000000000036        4.5144797035929905E-002
   54.800000000000239       0.99999999999846267        1.0000000000000056        1.0000000000000036        4.2690630207372258E-002
   55.000000000000242       0.99999999999846267        1.0000000000000073        1.0000000000000036        4.1105938728803228E-002
   55.200000000000244       0.99999999999846267        1.0000000000000042        1.0000000000000036        4.0513487148909434E-002
   55.400000000000247       0.99999999999846267        1.0000000000000084        1.0000000000000036        4.0585697764755971E-002
   55.600000000000250       0.99999999999846267        1.0000000000000053        1.0000000000000036        4.0721059463047958E-002
   55.800000000000253       0.99999999999846267        1.0000000000000004        1.0000000000000036        4.0462573761428929E-002
   56.000000000000256       0.99999999999846267        1.0000000000000060        1.0000000000000036        3.9939183746225473E-002
   56.200000000000259       0.99999999999846267        1.0000000000000053        1.0000000000000036        3.9872885202134493E-002
   56.400000000000261       0.99999999999846267        1.0000000000000058        1.0000000000000036        4.1036058702471748E-002
   56.600000000000264       0.99999999999846267        1.0000000000000067        1.0000000000000036        4.3574143045319147E-002
   56.800000000000267       0.99999999999846267        1.0000000000000031        1.0000000000000036        4.6782316281063469E-002
   57.000000000000270       0.99999999999846267        1.0000000000000073        1.0000000000000036        4.9533297264339408E-002
   57.200000000000273       0.99999999999846267        1.0000000000000069        1.0000000000000036        5.1016975266989284E-002
   57.400000000000276       0.99999999999846267        1.0000000000000069        1.0000000000000036        5.1285781641918958E-002
   57.600000000000279       0.99999999999846267        1.0000000000000067        1.0000000000000036        5.1270238874695374E-002
   57.800000000000281       0.99999999999846267        1.0000000000000058        1.0000000000000036        5.2211223644723637E-002
   58.000000000000284       0.99999999999846267        1.0000000000000022        1.0000000000000036        5.4771954359448594E-002
   58.200000000000287       0.99999999999846267        1.0000000000000040        1.0000000000000036        5.8496790748924735E-002
   58.400000000000290       0.99999999999846267        1.0000000000000073        1.0000000000000036        6.2164188238131038E-002
   58.600000000000293       0.99999999999846267        1.0000000000000018        1.0000000000000036        6.4657848295156375E-002
   58.800000000000296       0.99999999999846267        1.0000000000000084        1.0000000000000036        6.5604650438911644E-002
   59.000000000000298       0.99999999999846267        1.0000000000000100        1.0000000000000036        6.5456999406414917E-002
   59.200000000000301       0.99999999999846267        1.0000000000000064        1.0000000000000036        6.5069064025863085E-002
   59.400000000000304       0.99999999999846267        1.0000000000000060        1.0000000000000036        6.5018694768816457E-002
   59.600000000000307       0.99999999999846267        1.0000000000000091        1.0000000000000036        6.5186964561439131E-002
   59.800000000000310       0.99999999999846267        1.0000000000000089        1.0000000000000036        6.5035987806687012E-002
   60.000000000000313       0.99999999999846267        1.0000000000000084        1.0000000000000036        6.4282326322765024E-002
   60.200000000000315       0.99999999999846267        1.0000000000000062        1.0000000000000036        6.3216627756857935E-002
   60.400000000000318       0.99999999999846267        1.0000000000000062        1.0000000000000036        6.2368997922555042E-002
   60.600000000000321       0.99999999999846267        1.0000000000000095        1.0000000000000036        6.1887567761508784E-002
   60.800000000000324       0.99999999999846267        1.0000000000000080        1.0000000000000036        6.1293950952179772E-002
   61.000000000000327       0.99999999999846267        1.0000000000000038        1.0000000000000036        5.9926934135834692E-002
   61.200000000000330       0.99999999999846267        1.0000000000000058        1.0000000000000036        5.7642034748432637E-002
   61.400000000000333       0.99999999999846267        1.0000000000000062        1.0000000000000036        5.5042540268111902E-002
   61.600000000000335       0.99999999999846267        1.0000000000000056        1.0000000000000036        5.2944917231099987E-002
   61.800000000000338       0.99999999999846267        1.0000000000000080        1.0000000000000036        5.1547519390451067E-002
   62.000000000000341       0.99999999999846267        1.0000000000000071        1.0000000000000036        5.0194522659585405E-002
   62.200000000000344       0.99999999999846267        1.0000000000000056        1.0000000000000036        4.7991397535595046E-002
   62.400000000000347       0.99999999999846267        1.0000000000000062        1.0000000000000036        4.4625628896928872E-002
   62.600000000000350       0.99999999999846267        1.0000000000000062        1.0000000000000036        4.0701788842663185E-002
   62.800000000000352       0.99999999999846267        1.0000000000000058        1.0000000000000036        3.7253429802468332E-002
   63.000000000000355       0.99999999999846267        1.0000000000000075        1.0000000000000036        3.4686986560937064E-002
   63.200000000000358       0.99999999999846267        1.0000000000000067        1.0000000000000036        3.2305122410154950E-002
   63.400000000000361       0.99999999999846267        1.0000000000000053        1.0000000000000036        2.9050537602397692E-002
   63.600000000000364       0.99999999999846267        1.0000000000000053        1.0000000000000036        2.4457973289937675E-002
   63.800000000000367       0.99999999999846267        1.0000000000000080        1.0000000000000036        1.9023971214866774E-002
   64.000000000000369       0.99999999999846267        1.0000000000000093        1.0000000000000036        1.4179510856757713E-002
   64.200000000000372       0.99999999999846267        1.0000000000000047        1.0000000000000036        1.1771956218602223E-002
   64.400000000000375       0.99999999999846267        1.0000000000000098        1.0000000000000036        1.2014613236628044E-002
   64.600000000000378       0.99999999999846267        1.0000000000000036        1.0000000000000036        1.2960937788185689E-002
   64.800000000000381       0.99999999999846267        1.0000000000000058        1.0000000000000036        1.3227149576640970E-002
   65.000000000000384       0.99999999999846267        1.0000000000000058        1.0000000000000036        1.2561693457795209E-002
   65.200000000000387       0.99999999999846267        1.0000000000000118        1.0000000000000036        1.1254467110361864E-002
   65.400000000000389       0.99999999999846267        1.0000000000000044        1.0000000000000036        9.7637297240146421E-003
   65.600000000000392       0.99999999999846267        1.0000000000000044        1.0000000000000036        8.5051852692221708E-003
   65.800000000000395       0.99999999999846267        1.0000000000000093        1.0000000000000036        7.7125391838406363E-003
   66.000000000000398       0.99999999999846267        1.0000000000000062        1.0000000000000036        7.3856593648500696E-003
   66.200000000000401       0.99999999999846267        1.0000000000000042        1.0000000000000036        7.3296881516232591E-003
   66.400000000000404       0.99999999999846267        1.0000000000000102        1.0000000000000036        7.2416675699787537E-003
   66.600000000000406       0.99999999999846267        1.0000000000000044        1.0000000000000036        6.8284724040050112E-003
   66.800000000000409       0.99999999999846267        1.0000000000000042        1.0000000000000036        5.9731297509525759E-003
   67.000000000000412       0.99999999999846267        1.0000000000000104        1.0000000000000036        4.9935414795301333E-003
   67.200000000000415       0.99999999999846267        1.0000000000000042        1.0000000000000036        4.8765750708756796E-003
   67.400000000000418       0.99999999999846267        1.0000000000000053        1.0000000000000036        6.2804121860040134E-003
   67.600000000000421       0.99999999999846267        1.0000000000000049        1.0000000000000036        8.5191205156794070E-003
   67.800000000000423       0.99999999999846267        1.0000000000000087        1.0000000000000036        1.0912417725432708E-002
   68.000000000000426       0.99999999999846267        1.0000000000000071        1.0000000000000036        1.3287479353586144E-002
   68.200000000000429       0.99999999999846267        1.0000000000000058        1.0000000000000036        1.5852447122996265E-002
   68.400000000000432       0.99999999999846267        1.0000000000000053        1.0000000000000036        1.8932613965308754E-002
   68.600000000000435       0.99999999999846267        1.0000000000000062        1.0000000000000036        2.2559745392130709E-002
   68.800000000000438       0.99999999999846267        1.0000000000000120        1.0000000000000036        2.6347646210790367E-002
   69.000000000000441       0.99999999999846267        1.0000000000000058        1.0000000000000036        2.9772013986760829E-002
   69.200000000000443       0.99999999999846267        1.0000000000000060        1.0000000000000036        3.2448018336117643E-002
   69.400000000000446       0.99999999999846267        1.0000000000000044        1.0000000000000036        3.4258919801789023E-002
   69.600000000000449       0.99999999999846267        1.0000000000000044        1.0000000000000036        3.5431614299880169E-002
   69.800000000000452       0.99999999999846267        1.0000000000000062        1.0000000000000036        3.6438940660793888E-002
   70.000000000000455       0.99999999999846267        1.0000000000000115        1.0000000000000036        3.7610716903928976E-002
   70.200000000000458       0.99999999999846267        1.0000000000000062        1.0000000000000036        3.8807504269021069E-002
   70.400000000000460       0.99999999999846267        1.0000000000000058        1.0000000000000036        3.9543589828099371E-002
   70.600000000000463       0.99999999999846267        1.0000000000000071        1.0000000000000036        3.9390689879505100E-002
   70.800000000000466       0.99999999999846267        1.0000000000000062        1.0000000000000036        3.8370327972958251E-002
   71.000000000000469       0.99999999999846267        1.0000000000000082        1.0000000000000036        3.7160378265451779E-002
   71.200000000000472       0.99999999999846267        1.0000000000000071        1.0000000000000036        3.6774094645789665E-002
   71.400000000000475       0.99999999999846267        1.0000000000000056        1.0000000000000036        3.7619882296743075E-002
   71.600000000000477       0.99999999999846267        1.0000000000000073        1.0000000000000036        3.8927748568158789E-002
   71.800000000000480       0.99999999999846267        1.0000000000000053        1.0000000000000036        3.9390223808090846E-002
   72.000000000000483       0.99999999999846267        1.0000000000000071        1.0000000000000036        3.8218603446261011E-002
   72.200000000000486       0.99999999999846267        1.0000000000000120        1.0000000000000036        3.5719479716012165E-002
   72.400000000000489       0.99999999999846267        1.0000000000000062        1.0000000000000036        3.3208274698573063E-002
   72.600000000000492       0.99999999999846267        1.0000000000000093        1.0000000000000036        3.2166933213581071E-002
   72.800000000000495       0.99999999999846267        1.0000000000000049        1.0000000000000036        3.3008341936032255E-002
   73.000000000000497       0.99999999999846267        1.0000000000000104        1.0000000000000036        3.4911511876864990E-002
   73.200000000000500       0.99999999999846267        1.0000000000000062        1.0000000000000036        3.6940871328335123E-002
   73.400000000000503       0.99999999999846267        1.0000000000000084        1.0000000000000036        3.8735539499272352E-002
   73.600000000000506       0.99999999999846267        1.0000000000000069        1.0000000000000036        4.0251813961311805E-002
   73.800000000000509       0.99999999999846267        1.0000000000000056        1.0000000000000036        4.1331556316459003E-002
   74.000000000000512       0.99999999999846267        1.0000000000000069        1.0000000000000036        4.1706968412997106E-002
   74.200000000000514       0.99999999999846267        1.0000000000000042        1.0000000000000036        4.1256696449834609E-002
   74.400000000000517       0.99999999999846267        1.0000000000000084        1.0000000000000036        4.0082754241277947E-002
   74.600000000000520       0.99999999999846267        1.0000000000000091        1.0000000000000036        3.8408927569750603E-002
   74.800000000000523       0.99999999999846267        1.0000000000000075        1.0000000000000036        3.6524239371482907E-002
   75.000000000000526       0.99999999999846267        1.0000000000000080        1.0000000000000036        3.4810033122638626E-002
   75.200000000000529       0.99999999999846267        1.0000000000000084        1.0000000000000036        3.3690784959554770E-002
   75.400000000000531       0.99999999999846267        1.0000000000000067        1.0000000000000036        3.3366724605326033E-002
   75.600000000000534       0.99999999999846267        1.0000000000000084        1.0000000000000036        3.3536277421180559E-002
   75.800000000000537       0.99999999999846267        1.0000000000000060        1.0000000000000036        3.3553207653507069E-002
   76.000000000000540       0.99999999999846267        1.0000000000000093        1.0000000000000036        3.2941777308802350E-002
   76.200000000000543       0.99999999999846267        1.0000000000000069        1.0000000000000036        3.1749965111399672E-002
   76.400000000000546       0.99999999999846267        1.0000000000000107        1.0000000000000036        3.0475363394729255E-002
   76.600000000000549       0.99999999999846267        1.0000000000000071        1.0000000000000036        2.9637128974611876E-002
   76.800000000000551       0.99999999999846267        1.0000000000000058        1.0000000000000036        2.9337658694909601E-002
   77.000000000000554       0.99999999999846267        1.0000000000000089        1.0000000000000036        2.9269147956796100E-002
   77.200000000000557       0.99999999999846267        1.0000000000000075        1.0000000000000036        2.9140536770967417E-002
   77.400000000000560       0.99999999999846267        1.0000000000000058        1.0000000000000036        2.9030870727970514E-002
   77.600000000000563       0.99999999999846267        1.0000000000000089        1.0000000000000036        2.9365595419584365E-002
   77.800000000000566       0.99999999999846267        1.0000000000000073        1.0000000000000036        3.0581108179814260E-002
   78.000000000000568       0.99999999999846267        1.0000000000000058        1.0000000000000036        3.2771058007087572E-002
   78.200000000000571       0.99999999999846267        1.0000000000000075        1.0000000000000036        3.5566271459193166E-002
   78.400000000000574       0.99999999999846267        1.0000000000000111        1.0000000000000036        3.8279817325839009E-002
   78.600000000000577       0.99999999999846267        1.0000000000000111        1.0000000000000036        4.0269433834716380E-002
   78.800000000000580       0.99999999999846267        1.0000000000000040        1.0000000000000036        4.1328531577115836E-002
   79.000000000000583       0.99999999999846267        1.0000000000000060        1.0000000000000036        4.1760198470468156E-002
   79.200000000000585       0.99999999999846267        1.0000000000000098        1.0000000000000036        4.2014697074811085E-002
   79.400000000000588       0.99999999999846267        1.0000000000000082        1.0000000000000036        4.2232131057704271E-002
   79.600000000000591       0.99999999999846267        1.0000000000000038        1.0000000000000036        4.2158371133417478E-002
   79.800000000000594       0.99999999999846267        1.0000000000000056        1.0000000000000036        4.1511461629420321E-002
   80.000000000000597       0.99999999999846267        1.0000000000000078        1.0000000000000036        4.0479743562050301E-002
   80.200000000000600       0.99999999999846267        1.0000000000000089        1.0000000000000036        3.9906361798808035E-002
   80.400000000000603       0.99999999999846267        1.0000000000000127        1.0000000000000036        4.0738342355410663E-002
   80.600000000000605       0.99999999999846267        1.0000000000000080        1.0000000000000036        4.2974717640940290E-002
   80.800000000000608       0.99999999999846267        1.0000000000000033        1.0000000000000036        4.5427693234362312E-002
   81.000000000000611       0.99999999999846267        1.0000000000000060        1.0000000000000036        4.6736303929187595E-002
   81.200000000000614       0.99999999999846267        1.0000000000000075        1.0000000000000036        4.6447181341170082E-002
   81.400000000000617       0.99999999999846267        1.0000000000000064        1.0000000000000036        4.5288548727949358E-002
   81.600000000000620       0.99999999999846267        1.0000000000000124        1.0000000000000036        4.4499936616022237E-002
   81.800000000000622       0.99999999999846267        1.0000000000000098        1.0000000000000036        4.4681090649376018E-002
   82.000000000000625       0.99999999999846267        1.0000000000000067        1.0000000000000036        4.5306704607948389E-002
   82.200000000000628       0.99999999999846267        1.0000000000000049        1.0000000000000036        4.5396729799653812E-002
   82.400000000000631       0.99999999999846267        1.0000000000000107        1.0000000000000036        4.4431122232348741E-002
   82.600000000000634       0.99999999999846267        1.0000000000000082        1.0000000000000036        4.2753784409500818E-002
   82.800000000000637       0.99999999999846267        1.0000000000000082        1.0000000000000036        4.1345544931294803E-002
   83.000000000000639       0.99999999999846267        1.0000000000000100        1.0000000000000036        4.1033292845133788E-002
   83.200000000000642       0.99999999999846267        1.0000000000000120        1.0000000000000036        4.1743007553491626E-002
   83.400000000000645       0.99999999999846267        1.0000000000000084        1.0000000000000036        4.2677744993882251E-002
   83.600000000000648       0.99999999999846267        1.0000000000000111        1.0000000000000036        4.3133396361898509E-002
   83.800000000000651       0.99999999999846267        1.0000000000000064        1.0000000000000036        4.2984247727383205E-002
   84.000000000000654       0.99999999999846267        1.0000000000000087        1.0000000000000036        4.2571249890743623E-002
   84.200000000000657       0.99999999999846267        1.0000000000000053        1.0000000000000036        4.2288272717241587E-002
   84.400000000000659       0.99999999999846267        1.0000000000000100        1.0000000000000036        4.2284353414453468E-002
   84.600000000000662       0.99999999999846267        1.0000000000000031        1.0000000000000036        4.2488936147984054E-002
   84.800000000000665       0.99999999999846267        1.0000000000000069        1.0000000000000036        4.2793737763447706E-002
   85.000000000000668       0.99999999999846267        1.0000000000000084        1.0000000000000036        4.3204997237205493E-002
   85.200000000000671       0.99999999999846267        1.0000000000000058        1.0000000000000036        4.3908543278470560E-002
   85.400000000000674       0.99999999999846267        1.0000000000000089        1.0000000000000036        4.5132668008223797E-002
   85.600000000000676       0.99999999999846267        1.0000000000000093        1.0000000000000036        4.6872724668702168E-002
   85.800000000000679       0.99999999999846267        1.0000000000000060        1.0000000000000036        4.8808957678367210E-002
   86.000000000000682       0.99999999999846267        1.0000000000000095        1.0000000000000036        5.0465302969759235E-002
   86.200000000000685       0.99999999999846267        1.0000000000000089        1.0000000000000036        5.1383369215225044E-002
   86.400000000000688       0.99999999999846267        1.0000000000000075        1.0000000000000036        5.1283987792407233E-002
   86.600000000000691       0.99999999999846267        1.0000000000000080        1.0000000000000036        5.0229689001377906E-002
   86.800000000000693       0.99999999999846267        1.0000000000000098        1.0000000000000036        4.8665149375804094E-002
   87.000000000000696       0.99999999999846267        1.0000000000000053        1.0000000000000036        4.7261216826456509E-002
   87.200000000000699       0.99999999999846267        1.0000000000000082        1.0000000000000036        4.6550079979410443E-002
   87.400000000000702       0.99999999999846267        1.0000000000000098        1.0000000000000036        4.6520779739234686E-002
   87.600000000000705       0.99999999999846267        1.0000000000000078        1.0000000000000036        4.6679604106400333E-002
   87.800000000000708       0.99999999999846267        1.0000000000000080        1.0000000000000036        4.6630107399155150E-002
   88.000000000000711       0.99999999999846267        1.0000000000000084        1.0000000000000036        4.6447331190060816E-002
   88.200000000000713       0.99999999999846267        1.0000000000000084        1.0000000000000036        4.6445444644815509E-002
   88.400000000000716       0.99999999999846267        1.0000000000000089        1.0000000000000036        4.6700528502259586E-002
   88.600000000000719       0.99999999999846267        1.0000000000000098        1.0000000000000036        4.6826692164286372E-002
   88.800000000000722       0.99999999999846267        1.0000000000000102        1.0000000000000036        4.6172678113655712E-002
   89.000000000000725       0.99999999999846267        1.0000000000000104        1.0000000000000036        4.4254507314990817E-002
   89.200000000000728       0.99999999999846267        1.0000000000000084        1.0000000000000036        4.1077603845597187E-002
   89.400000000000730       0.99999999999846267        1.0000000000000091        1.0000000000000036        3.7176973075925344E-002
   89.600000000000733       0.99999999999846267        1.0000000000000089        1.0000000000000036        3.3457162365469327E-002
   89.800000000000736       0.99999999999846267        1.0000000000000102        1.0000000000000036        3.0822433277990974E-002
   90.000000000000739       0.99999999999846267        1.0000000000000058        1.0000000000000036        2.9578491473513675E-002
   90.200000000000742       0.99999999999846267        1.0000000000000075        1.0000000000000036        2.9228148587186135E-002
   90.400000000000745       0.99999999999846267        1.0000000000000009        1.0000000000000036        2.9058800006683851E-002
   90.600000000000747       0.99999999999846267        1.0000000000000100        1.0000000000000036        2.8655704722268607E-002
   90.800000000000750       0.99999999999846267        1.0000000000000111        1.0000000000000036        2.7854768425772135E-002
   91.000000000000753       0.99999999999846267        1.0000000000000049        1.0000000000000036        2.6582580635078262E-002
   91.200000000000756       0.99999999999846267        1.0000000000000064        1.0000000000000036        2.4862339377278365E-002
   91.400000000000759       0.99999999999846267        1.0000000000000107        1.0000000000000036        2.2945458818585757E-002
   91.600000000000762       0.99999999999846267        1.0000000000000093        1.0000000000000036        2.1540372138010497E-002
   91.800000000000765       0.99999999999846267        1.0000000000000100        1.0000000000000036        2.1717194068078639E-002
   92.000000000000767       0.99999999999846267        1.0000000000000093        1.0000000000000036        2.3899254272811508E-002
   92.200000000000770       0.99999999999846267        1.0000000000000075        1.0000000000000036        2.7271224105037115E-002
   92.400000000000773       0.99999999999846267        1.0000000000000089        1.0000000000000036        3.0740762870560431E-002
   92.600000000000776       0.99999999999846267        1.0000000000000098        1.0000000000000036        3.3760095716066967E-002
   92.800000000000779       0.99999999999846267        1.0000000000000071        1.0000000000000036        3.6358201988045437E-002
   93.000000000000782       0.99999999999846267        1.0000000000000062        1.0000000000000036        3.8904743757351583E-002
   93.200000000000784       0.99999999999846267        1.0000000000000082        1.0000000000000036        4.1767540247019959E-002
   93.400000000000787       0.99999999999846267        1.0000000000000071        1.0000000000000036        4.4938158278214763E-002
   93.600000000000790       0.99999999999846267        1.0000000000000087        1.0000000000000036        4.7983034366001431E-002
   93.800000000000793       0.99999999999846267        1.0000000000000071        1.0000000000000036        5.0405481553181739E-002
   94.000000000000796       0.99999999999846267        1.0000000000000084        1.0000000000000036        5.2029569329098066E-002
   94.200000000000799       0.99999999999846267        1.0000000000000080        1.0000000000000036        5.3109364065292673E-002
   94.400000000000801       0.99999999999846267        1.0000000000000107        1.0000000000000036        5.4147798313347158E-002
   94.600000000000804       0.99999999999846267        1.0000000000000089        1.0000000000000036        5.5575386499437433E-002
   94.800000000000807       0.99999999999846267        1.0000000000000049        1.0000000000000036        5.7553620854834356E-002
   95.000000000000810       0.99999999999846267        1.0000000000000056        1.0000000000000036        6.0039559933432685E-002
   95.200000000000813       0.99999999999846267        1.0000000000000109        1.0000000000000036        6.2934316722675063E-002
   95.400000000000816       0.99999999999846267        1.0000000000000075        1.0000000000000036        6.6076154764903236E-002
   95.600000000000819       0.99999999999846267        1.0000000000000093        1.0000000000000036        6.9074506084643009E-002
   95.800000000000821       0.99999999999846267        1.0000000000000049        1.0000000000000036        7.1257454869619513E-002
   96.000000000000824       0.99999999999846267        1.0000000000000051        1.0000000000000036        7.1997980813871737E-002
   96.200000000000827       0.99999999999846267        1.0000000000000075        1.0000000000000036        7.1256590575307879E-002
   96.400000000000830       0.99999999999846267        1.0000000000000102        1.0000000000000036        6.9804915304095161E-002
   96.600000000000833       0.99999999999846267        1.0000000000000075        1.0000000000000036        6.8734970687939045E-002
   96.800000000000836       0.99999999999846267        1.0000000000000089        1.0000000000000036        6.8512052049400973E-002
   97.000000000000838       0.99999999999846267        1.0000000000000098        1.0000000000000036        6.8532018450928947E-002
   97.200000000000841       0.99999999999846267        1.0000000000000084        1.0000000000000036        6.7750879108024784E-002
   97.400000000000844       0.99999999999846267        1.0000000000000113        1.0000000000000036        6.5718772475595572E-002
   97.600000000000847       0.99999999999846267        1.0000000000000093        1.0000000000000036        6.3108043786674797E-002
   97.800000000000850       0.99999999999846267        1.0000000000000064        1.0000000000000036        6.1350685683908258E-002
   98.000000000000853       0.99999999999846267        1.0000000000000075        1.0000000000000036        6.1432368829068551E-002
   98.200000000000855       0.99999999999846267        1.0000000000000095        1.0000000000000036        6.2815949851110317E-002
   98.400000000000858       0.99999999999846267        1.0000000000000098        1.0000000000000036        6.3859213046101107E-002
   98.600000000000861       0.99999999999846267        1.0000000000000082        1.0000000000000036        6.3237192783532251E-002
   98.800000000000864       0.99999999999846267        1.0000000000000111        1.0000000000000036        6.0862549318861987E-002
   99.000000000000867       0.99999999999846267        1.0000000000000127        1.0000000000000036        5.7838422977077322E-002
   99.200000000000870       0.99999999999846267        1.0000000000000075        1.0000000000000036        5.5662937146574262E-002
   99.400000000000873       0.99999999999846267        1.0000000000000091        1.0000000000000036        5.5108088223919133E-002
   99.600000000000875       0.99999999999846267        1.0000000000000129        1.0000000000000036        5.5687919159985035E-002
   99.800000000000878       0.99999999999846267        1.0000000000000071        1.0000000000000036        5.6325244868188282E-002
   100.00000000000088       0.99999999999846267        1.0000000000000078        1.0000000000000036        5.6372370863896959E-002
