 # Time                    | Overlap < Psi(t) | Psi(0) > (real, imag)
   0.0000000000000000        1.0000000000000036        0.0000000000000000     
  0.20000000000000001       0.87022574422058485       0.43426233220107069     
  0.40000000000000002       0.56257691191268600       0.70515009264048045     
  0.60000000000000009       0.23138700339759227       0.78409941512924852     
  0.80000000000000004       -3.9164374632758167E-002  0.74754468085538517     
   1.0000000000000000      -0.25597640156704687       0.65989826791902706     
   1.2000000000000000      -0.43976545430727776       0.52710356530040747     
   1.3999999999999999      -0.57474008052466519       0.34021871298282524     
   1.5999999999999999      -0.63170667276176662       0.12074566481429286     
   1.7999999999999998      -0.60815136739359299       -9.0861492734345753E-002
   1.9999999999999998      -0.52506987111832593      -0.27035719122451990     
   2.1999999999999997      -0.39802755269728463      -0.41234787245526139     
   2.3999999999999999      -0.23235603311458586      -0.50726218729451089     
   2.6000000000000001       -4.3678053707280701E-002 -0.53619166747452485     
   2.8000000000000003       0.13421634996836018      -0.49184246032603041     
   3.0000000000000004       0.26906395801273791      -0.39285622821268706     
   3.2000000000000006       0.35089155133934591      -0.27079022185614032     
   3.4000000000000008       0.38963948815897098      -0.14797708627486411     
   3.6000000000000010       0.39787824400626770       -3.0372425572506887E-002
   3.8000000000000012       0.37889259086572408        8.2856296700495824E-002
   4.0000000000000009       0.32982451537783364       0.18706013172823707     
   4.2000000000000011       0.25229877221509522       0.27152900105056371     
   4.4000000000000012       0.15464287984982975       0.32803272927045202     
   4.6000000000000014        4.5432545725409085E-002  0.35315992549763420     
   4.8000000000000016       -6.7560416902867224E-002  0.34313778396463601     
   5.0000000000000018      -0.17139792966502060       0.29439089568248594     
   5.2000000000000020      -0.24821465210432139       0.21220747580006191     
   5.4000000000000021      -0.28601938060431364       0.11404752076512828     
   5.6000000000000023      -0.28720750907582099        1.9978184737037601E-002
   5.8000000000000025      -0.26390329757701958       -5.9309993998377442E-002
   6.0000000000000027      -0.22636473508117039      -0.12382965634262375     
   6.2000000000000028      -0.17758489162648264      -0.17614578765993674     
   6.4000000000000030      -0.11733912140160149      -0.21479550517079546     
   6.6000000000000032       -4.7984353674654305E-002 -0.23522403141971421     
   6.8000000000000034        2.4617822885935475E-002 -0.23395963038032752     
   7.0000000000000036        9.3290316418325914E-002 -0.21023137533610392     
   7.2000000000000037       0.15049329930696126      -0.16560506970883351     
   7.4000000000000039       0.18858462565430106      -0.10479170621404155     
   7.6000000000000041       0.20208309020221113       -3.6589340702028281E-002
   7.8000000000000043       0.19067577595715740        2.7902539394553359E-002
   8.0000000000000036       0.15994180051783399        7.9132705530799943E-002
   8.2000000000000028       0.11912214816607229       0.11253092999671772     
   8.4000000000000021        7.6904704323917661E-002  0.12945356164636410     
   8.6000000000000014        3.7933356953781097E-002  0.13461243623565630     
   8.8000000000000007        2.6117003937166663E-003  0.13213387993314529     
   9.0000000000000000       -3.0369205496226497E-002  0.12309819061844060     
   9.1999999999999993       -6.0469767709507558E-002  0.10595191554728595     
   9.3999999999999986       -8.3758287100428042E-002   8.0206587964055970E-002
   9.5999999999999979       -9.6001932675598547E-002   4.9501680799442602E-002
   9.7999999999999972       -9.6579995236953736E-002   1.9909202158802819E-002
   9.9999999999999964       -8.8768602932444235E-002  -3.7144099005983074E-003
   10.199999999999996       -7.7642429888919534E-002  -1.9770669824617067E-002
   10.399999999999995       -6.7442181204929535E-002  -3.0005171920277997E-002
   10.599999999999994       -5.9905653857332639E-002  -3.7685883264381312E-002
   10.799999999999994       -5.4653192362296786E-002  -4.5864375174635499E-002
   10.999999999999993       -4.9634020974251306E-002  -5.6893569528644133E-002
   11.199999999999992       -4.1240264961869756E-002  -7.1334944075601467E-002
   11.399999999999991       -2.5942996631563901E-002  -8.6839642966181976E-002
   11.599999999999991       -2.4015949370679588E-003  -9.8890062306061732E-002
   11.799999999999990        2.7635909670124956E-002 -0.10270186041784556     
   11.999999999999989        5.9828553699284026E-002  -9.5230391488804203E-002
   12.199999999999989        8.8969785865257250E-002  -7.6286231466156151E-002
   12.399999999999988       0.11075116161213146       -4.8232699605611717E-002
   12.599999999999987       0.12303077297801822       -1.4920846842902997E-002
   12.799999999999986       0.12626338240388452        2.0498556223087883E-002
   12.999999999999986       0.12110237086618093        5.7581749271371864E-002
   13.199999999999985       0.10489394256265872        9.6470835734388916E-002
   13.399999999999984        7.2785511537410613E-002  0.13282867153187128     
   13.599999999999984        2.3960647510139009E-002  0.15660093975986247     
   13.799999999999983       -3.3558496681210873E-002  0.15781046106408997     
   13.999999999999982       -8.5765570215800530E-002  0.13464705359468848     
   14.199999999999982      -0.12175698879973568        9.5334730222131042E-002
   14.399999999999981      -0.13994414133567429        5.1126594879046958E-002
   14.599999999999980      -0.14501165921445192        8.0411407709869952E-003
   14.799999999999979      -0.14008903827032859       -3.3860447363108982E-002
   14.999999999999979      -0.12365961107837853       -7.4283163925129098E-002
   15.199999999999978       -9.4155165422205547E-002 -0.10838104641810550     
   15.399999999999977       -5.5099655999683014E-002 -0.12999739245689007     
   15.599999999999977       -1.3378438429602454E-002 -0.13739515452394083     
   15.799999999999976        2.6487474808086317E-002 -0.13322336514670297     
   15.999999999999975        6.3735907044817339E-002 -0.11944968436556849     
   16.199999999999974        9.7150853319509331E-002  -9.5040387927477904E-002
   16.399999999999974       0.12196278775666580       -5.9435478715523508E-002
   16.599999999999973       0.13234988577758086       -1.6638011983271823E-002
   16.799999999999972       0.12636148027707353        2.5535734799189851E-002
   16.999999999999972       0.10750493385185016        6.0215325265606676E-002
   17.199999999999971        8.1453089876566215E-002   8.4951723171996035E-002
   17.399999999999970        5.2048935890775083E-002  0.10043492979854611     
   17.599999999999969        2.1198746376571796E-002  0.10725207127319950     
   17.799999999999969       -8.9826365391327441E-003  0.10552006553830673     
   17.999999999999968       -3.6252697212725928E-002   9.6399998077356469E-002
   18.199999999999967       -5.9702508226902838E-002   8.1548884358937479E-002
   18.399999999999967       -7.9034579250483239E-002   6.1419988581028026E-002
   18.599999999999966       -9.2485711506154575E-002   3.5868392031031482E-002
   18.799999999999965       -9.6933217969939686E-002   6.7373634244581723E-003
   18.999999999999964       -9.0885285109383915E-002  -2.1158182035873656E-002
   19.199999999999964       -7.7049320174883029E-002  -4.2788841937485153E-002
   19.399999999999963       -6.0814532745332883E-002  -5.6943126236558991E-002
   19.599999999999962       -4.5649776403668602E-002  -6.6722684230292456E-002
   19.799999999999962       -3.0560085459566465E-002  -7.5621380620984918E-002
   19.999999999999961       -1.2343098490814526E-002  -8.3643534604984943E-002
   20.199999999999960        1.0269317180752706E-002  -8.7568720325135324E-002
   20.399999999999959        3.5261607547074678E-002  -8.4355972998944873E-002
   20.599999999999959        5.9457405693436688E-002  -7.3226701033846472E-002
   20.799999999999958        8.0377656843910544E-002  -5.4694883775813073E-002
   20.999999999999957        9.5755749370798018E-002  -2.9410877787209310E-002
   21.199999999999957       0.10277499246567874        1.2072016814210084E-003
   21.399999999999956        9.8807327024085817E-002   3.3858079485343910E-002
   21.599999999999955        8.3253410413801993E-002   6.3458272889902453E-002
   21.799999999999955        5.8810652402437373E-002   8.5205132572146472E-002
   21.999999999999954        3.0196569762735194E-002   9.7139977506287570E-002
   22.199999999999953        1.2092374587594993E-003  0.10032342537611069     
   22.399999999999952       -2.6791839718428044E-002   9.6578499380117450E-002
   22.599999999999952       -5.3884097600886360E-002   8.6167688388049973E-002
   22.799999999999951       -7.8902444175413228E-002   6.7400202226451864E-002
   22.999999999999950       -9.7550992144166460E-002   3.9319552092371333E-002
   23.199999999999950      -0.10446552836230052        5.1490175932059831E-003
   23.399999999999949       -9.7758196253559693E-002  -2.8203303367516582E-002
   23.599999999999948       -8.0710365789075270E-002  -5.4570365196164129E-002
   23.799999999999947       -5.8901613058288102E-002  -7.2053259249194326E-002
   23.999999999999947       -3.6057714610104902E-002  -8.2448286000923632E-002
   24.199999999999946       -1.2648416383098427E-002  -8.7707158003569860E-002
   24.399999999999945        1.1745163989144637E-002  -8.7476597761653813E-002
   24.599999999999945        3.5696657369113663E-002  -8.0402927292223633E-002
   24.799999999999944        5.6497455789494028E-002  -6.6778576615356369E-002
   24.999999999999943        7.2623726019293275E-002  -4.8491553627466058E-002
   25.199999999999942        8.4065585978154583E-002  -2.6716802226473088E-002
   25.399999999999942        9.0040585154945896E-002  -1.2221929717301586E-003
   25.599999999999941        8.7676695311121378E-002   2.7237203495361004E-002
   25.799999999999940        7.4273874845053003E-002   5.4498054527044953E-002
   25.999999999999940        5.1044374182213421E-002   7.4311786940113408E-002
   26.199999999999939        2.3684765144848345E-002   8.2822946325782021E-002
   26.399999999999938       -1.5492785245513519E-003   8.1352649673083838E-002
   26.599999999999937       -2.2120744608470945E-002   7.4253220971204792E-002
   26.799999999999937       -3.9241890691821692E-002   6.4459500870704386E-002
   26.999999999999936       -5.4369831952350817E-002   5.1791294702013949E-002
   27.199999999999935       -6.6723005382263847E-002   3.5050800233894751E-002
   27.399999999999935       -7.4017098459646685E-002   1.4538200977821632E-002
   27.599999999999934       -7.4472819983107549E-002  -7.5699712460101636E-003
   27.799999999999933       -6.7930381437943180E-002  -2.8298798357061217E-002
   27.999999999999932       -5.5932790209829067E-002  -4.5159885640652001E-002
   28.199999999999932       -4.0893693848073939E-002  -5.7251917515341609E-002
   28.399999999999931       -2.4480140644030993E-002  -6.5261675305225544E-002
   28.599999999999930       -6.7892362113005670E-003  -6.9909388207405748E-002
   28.799999999999930        1.2574466659939876E-002  -7.0564774416044057E-002
   28.999999999999929        3.2872834528227521E-002  -6.5605900822578361E-002
   29.199999999999928        5.1746409993146635E-002  -5.3935820199058938E-002
   29.399999999999928        6.6217618295923097E-002  -3.6243732030020410E-002
   29.599999999999927        7.4343557442698383E-002  -1.4795761051059148E-002
   29.799999999999926        7.5700952321368004E-002   8.0964567176739638E-003
   29.999999999999925        7.0207730881150107E-002   3.0829240169146031E-002
   30.199999999999925        5.7397514638454813E-002   5.1457419884651252E-002
   30.399999999999924        3.7656993165709002E-002   6.6782593823193181E-002
   30.599999999999923        1.3852276327090693E-002   7.3646327791212135E-002
   30.799999999999923       -9.3692229768087727E-003   7.1486210103639480E-002
   30.999999999999922       -2.8599681617051984E-002   6.2864818853345966E-002
   31.199999999999921       -4.3477761465758172E-002   5.0822059731165256E-002
   31.399999999999920       -5.5009995767907764E-002   3.6307170634990713E-002
   31.599999999999920       -6.2834659095931306E-002   1.8786154639090034E-002
   31.799999999999919       -6.4877689102310038E-002  -1.1725082086255600E-003
   31.999999999999918       -5.9615138516778236E-002  -2.0626188951230310E-002
   32.199999999999918       -4.8270551382728386E-002  -3.5878666853616473E-002
   32.399999999999920       -3.4272947777502727E-002  -4.5312612664226898E-002
   32.599999999999923       -2.0436879225113985E-002  -5.0131749061984754E-002
   32.799999999999926       -7.1945313693214819E-003  -5.2237592313019131E-002
   32.999999999999929        6.3363024061693363E-003  -5.2000164487020634E-002
   33.199999999999932        2.0192584191139583E-002  -4.8286707652576852E-002
   33.399999999999935        3.2747823722339184E-002  -4.0212805752768331E-002
   33.599999999999937        4.1841742134213308E-002  -2.8572430767614242E-002
   33.799999999999940        4.6509956936758821E-002  -1.5463587416552918E-002
   33.999999999999943        4.7320296487712930E-002  -2.6552696655020346E-003
   34.199999999999946        4.5145374244088043E-002   9.1588671322108094E-003
   34.399999999999949        4.0424694708362560E-002   1.9548551477056721E-002
   34.599999999999952        3.3859822351028114E-002   2.7872594239924938E-002
   34.799999999999955        2.6704122993300550E-002   3.4240270401185130E-002
   34.999999999999957        1.9328978014059913E-002   3.9960110993044334E-002
   35.199999999999960        1.0225869648137721E-002   4.5723333329152176E-002
   35.399999999999963       -2.1346303917946234E-003   4.9836305052778397E-002
   35.599999999999966       -1.6846574855343625E-002   4.9690265212434026E-002
   35.799999999999969       -3.1350249324748135E-002   4.4536344241579005E-002
   35.999999999999972       -4.4073589034420893E-002   3.5387471871370334E-002
   36.199999999999974       -5.4773793205567987E-002   2.2742137037480046E-002
   36.399999999999977       -6.2524719046524152E-002   5.9705290532983705E-003
   36.599999999999980       -6.4662275580671780E-002  -1.4768307532218215E-002
   36.799999999999983       -5.8431227760624531E-002  -3.6683823874807037E-002
   36.999999999999986       -4.3640307873823565E-002  -5.5160201437316703E-002
   37.199999999999989       -2.3188677051774235E-002  -6.6627589844055299E-002
   37.399999999999991       -8.7237027508936808E-004  -7.0306389393879135E-002
   37.599999999999994        2.0891441774950593E-002  -6.7220196162812995E-002
   37.799999999999997        4.1172785179773269E-002  -5.8049460674749240E-002
   38.000000000000000        5.8681096410935052E-002  -4.2263084124793224E-002
   38.200000000000003        7.0127195501988066E-002  -1.9760859695294879E-002
   38.400000000000006        7.1381408558294807E-002   6.3988142484248068E-003
   38.600000000000009        6.1251691076623524E-002   2.9823300142835574E-002
   38.800000000000011        4.3796152793365864E-002   4.4695741600650603E-002
   39.000000000000014        2.5753232436374340E-002   5.0127067954476023E-002
   39.200000000000017        1.1340999280999487E-002   4.9995486521372590E-002
   39.400000000000020        4.2185243146684946E-005   4.8490180170433356E-002
   39.600000000000023       -1.0753498277498271E-002   4.6511827868591302E-002
   39.800000000000026       -2.1982926522579320E-002   4.2347561518108992E-002
   40.000000000000028       -3.2105608222107111E-002   3.4775272861045967E-002
   40.200000000000031       -3.9224474447103599E-002   2.4705791378332717E-002
   40.400000000000034       -4.3046029079580821E-002   1.4066273431792866E-002
   40.600000000000037       -4.4681210992283664E-002   3.9066370587700775E-003
   40.800000000000040       -4.5120227232373550E-002  -6.1768410278826048E-003
   41.000000000000043       -4.4094051160372474E-002  -1.7108115997985066E-002
   41.200000000000045       -4.0307369428701750E-002  -2.8922534463902669E-002
   41.400000000000048       -3.2779635140787036E-002  -4.0352802086039606E-002
   41.600000000000051       -2.1669836789271632E-002  -4.9814293837675563E-002
   41.800000000000054       -7.7507818954142080E-003  -5.6307653798512436E-002
   42.000000000000057        8.3496711416156874E-003  -5.9243025235116875E-002
   42.200000000000060        2.6185656465614580E-002  -5.7784903408813863E-002
   42.400000000000063        4.4774435500248927E-002  -5.0519745344941282E-002
   42.600000000000065        6.1696656079145255E-002  -3.6183662902957582E-002
   42.800000000000068        7.3410043019403015E-002  -1.5199535850833232E-002
   43.000000000000071        7.6948562669012885E-002   9.7822399512578692E-003
   43.200000000000074        7.1221238170917078E-002   3.4920890160317242E-002
   43.400000000000077        5.7149327131707506E-002   5.6486771737772112E-002
   43.600000000000080        3.7250320564988143E-002   7.1911446240309790E-002
   43.800000000000082        1.4482648431848646E-002   8.0634167492363185E-002
   44.000000000000085       -9.6282292678723409E-003   8.3573611388294014E-002
   44.200000000000088       -3.5439923165720977E-002   8.0660649329581530E-002
   44.400000000000091       -6.2489730042362315E-002   6.9226820834203701E-002
   44.600000000000094       -8.6527853779376870E-002   4.6446877590110708E-002
   44.800000000000097      -0.10082714718045829        1.3523134030544094E-002
   45.000000000000099      -0.10062580647665950       -2.3651014147090962E-002
   45.200000000000102       -8.5705445992657142E-002  -5.7624808923213457E-002
   45.400000000000105       -5.9673742122853188E-002  -8.2593227511485734E-002
   45.600000000000108       -2.7837953232850557E-002  -9.5788906105565466E-002
   45.800000000000111        4.7918426505972429E-003  -9.7237692811124182E-002
   46.000000000000114        3.4550203143479258E-002  -8.8606420810725284E-002
   46.200000000000117        5.9160849249702982E-002  -7.2079657200135802E-002
   46.400000000000119        7.7231641257533012E-002  -4.9747377846543442E-002
   46.600000000000122        8.7777316232387104E-002  -2.3684919748446311E-002
   46.800000000000125        9.0414575368726158E-002   3.8823563708821509E-003
   47.000000000000128        8.5384106006417881E-002   3.1195721849626185E-002
   47.200000000000131        7.2428494001771759E-002   5.6973319926826506E-002
   47.400000000000134        5.0642047427440065E-002   7.8653724064910321E-002
   47.600000000000136        2.0899112280731654E-002   9.1617893992055416E-002
   47.800000000000139       -1.2045376163741548E-002   9.1752039153788392E-002
   48.000000000000142       -4.1060930680577389E-002   7.9073936083857432E-002
   48.200000000000145       -6.0992185272016573E-002   5.8422849191302806E-002
   48.400000000000148       -7.1733767967365553E-002   3.5819639510935967E-002
   48.600000000000151       -7.6401808560642659E-002   1.3910408941172089E-002
   48.800000000000153       -7.6571036405856094E-002  -8.1840581820811723E-003
   49.000000000000156       -7.0640501063968283E-002  -3.0757905493249880E-002
   49.200000000000159       -5.6969655090480575E-002  -5.0912122705575977E-002
   49.400000000000162       -3.7189198697759496E-002  -6.4535662597899959E-002
   49.600000000000165       -1.5649744708039693E-002  -7.0029302527165577E-002
   49.800000000000168        4.1688618041101373E-003  -6.9344504664020798E-002
   50.000000000000171        2.2053923273788849E-002  -6.5172507917246186E-002
   50.200000000000173        3.9454422686956314E-002  -5.7760685598503926E-002
   50.400000000000176        5.6138796435751329E-002  -4.5198291762988251E-002
   50.600000000000179        6.9236151271987664E-002  -2.6369836387395089E-002
   50.800000000000182        7.5302829833650095E-002  -2.9128740849007958E-003
   51.000000000000185        7.2738622029090275E-002   2.1610424715643391E-002
   51.200000000000188        6.2104442777518074E-002   4.3823505454182933E-002
   51.400000000000190        4.4876118788769431E-002   6.1355663144409336E-002
   51.600000000000193        2.2919080940619480E-002   7.2419798091784060E-002
   51.800000000000196       -1.4315563116224154E-003   7.5945145888138055E-002
   52.000000000000199       -2.5973469970847214E-002   7.1649805841569658E-002
   52.200000000000202       -4.8577107427642957E-002   5.9204560166858808E-002
   52.400000000000205       -6.5921436294370500E-002   3.8621195520406944E-002
   52.600000000000207       -7.3856527544433559E-002   1.2347349395840921E-002
   52.800000000000210       -7.0203875251459352E-002  -1.4160531164067579E-002
   53.000000000000213       -5.6957258823506454E-002  -3.4934823871124357E-002
   53.200000000000216       -3.9418187149034264E-002  -4.7031356751714146E-002
   53.400000000000219       -2.2532476327350587E-002  -5.1964509444852341E-002
   53.600000000000222       -7.5987809616574389E-003  -5.3177245188565272E-002
   53.800000000000225        6.8804240458501557E-003  -5.1995721606067635E-002
   54.000000000000227        2.1379951444077644E-002  -4.7014947932627872E-002
   54.200000000000230        3.3753009056712885E-002  -3.7195402720144828E-002
   54.400000000000233        4.1418445996946843E-002  -2.4073453767348797E-002
   54.600000000000236        4.3878685076035026E-002  -1.0616670636948607E-002
   54.800000000000239        4.2674006652031360E-002   1.1912446285242181E-003
   55.000000000000242        3.9546820207103886E-002   1.1213706357985522E-002
   55.200000000000244        3.5105991285232382E-002   2.0221573055675904E-002
   55.400000000000247        2.8841871099376849E-002   2.8554252477328981E-002
   55.600000000000250        2.0160976818626213E-002   3.5379933543067940E-002
   55.800000000000253        9.6684151328161709E-003   3.9290477525968148E-002
   56.000000000000256       -9.2497407171894877E-004   3.9928471311601807E-002
   56.200000000000259       -1.0559738148834378E-002   3.8449173002428123E-002
   56.400000000000261       -1.9891486744157257E-002   3.5892713312589281E-002
   56.600000000000264       -3.0108550758011176E-002   3.1498906542707150E-002
   56.800000000000267       -4.0700935098536395E-002   2.3065537035286736E-002
   57.000000000000270       -4.8627465143546045E-002   9.4295902132928641E-003
   57.200000000000273       -5.0482257712561610E-002  -7.3670497239471605E-003
   57.400000000000276       -4.5696192644439249E-002  -2.3282812897605129E-002
   57.600000000000279       -3.6676027057286655E-002  -3.5826058024313837E-002
   57.800000000000281       -2.5639161792236749E-002  -4.5482362043663210E-002
   58.000000000000284       -1.2211744337920995E-002  -5.3393260666293588E-002
   58.200000000000287        5.3135301551082929E-003  -5.8254964811715756E-002
   58.400000000000290        2.6409124281732831E-002  -5.6275611538016877E-002
   58.600000000000293        4.6690150552707713E-002  -4.4728818311296166E-002
   58.800000000000296        6.0612677157930360E-002  -2.5101265445397303E-002
   59.000000000000298        6.5425790733519035E-002  -2.0210586793008123E-003
   59.200000000000301        6.1795295810808046E-002   2.0379511987694877E-002
   59.400000000000304        5.1230946974420440E-002   4.0035243742790459E-002
   59.600000000000307        3.4490567543515524E-002   5.5314926550258707E-002
   59.800000000000310        1.2949728079853692E-002   6.3733697936408734E-002
   60.000000000000313       -1.0080811597821430E-002   6.3486964921908792E-002
   60.200000000000315       -3.0849404780410868E-002   5.5178403833778158E-002
   60.400000000000318       -4.7184254348775524E-002   4.0786493394428171E-002
   60.600000000000321       -5.7929645469968968E-002   2.1776758692676118E-002
   60.800000000000324       -6.1292856889402211E-002  -3.6622078515491569E-004
   61.000000000000327       -5.5635476598766789E-002  -2.2269512310527637E-002
   61.200000000000330       -4.2060349597337114E-002  -3.9414859655836645E-002
   61.400000000000333       -2.4341063822007784E-002  -4.9367943558342231E-002
   61.600000000000335       -5.6764302762682137E-003  -5.2639741640007065E-002
   61.800000000000338        1.2756306967023817E-002  -4.9944202745383658E-002
   62.000000000000341        2.9481658352939210E-002  -4.0624154462390996E-002
   62.200000000000344        4.0980978910494729E-002  -2.4974659256076042E-002
   62.400000000000347        4.4123621888250711E-002  -6.6747843342759520E-003
   62.600000000000350        3.9629085977708596E-002   9.2828422136822450E-003
   62.800000000000352        3.0926331601577366E-002   2.0769690554187672E-002
   63.000000000000355        1.9975919272332884E-002   2.8357533142074752E-002
   63.200000000000358        6.9536449200086050E-003   3.1547864527754238E-002
   63.400000000000361       -6.1360289871774379E-003   2.8395120764963134E-002
   63.600000000000364       -1.4797097671591580E-002   1.9474043184420739E-002
   63.800000000000367       -1.6430302386838486E-002   9.5894027061714914E-003
   64.000000000000369       -1.3708323889610748E-002   3.6249667963220190E-003
   64.200000000000372       -1.1661738111791569E-002   1.6071146271114450E-003
   64.400000000000375       -1.2010190849614640E-002  -3.2595549019857461E-004
   64.600000000000378       -1.2110898541560293E-002  -4.6164970340348459E-003
   64.800000000000381       -9.0145514215473482E-003  -9.6796357674817542E-003
   65.000000000000384       -2.8946688812626544E-003  -1.2223626082119191E-002
   65.200000000000387        3.4744187936714900E-003  -1.0704739323514576E-002
   65.400000000000389        7.4903099202735133E-003  -6.2630404295245627E-003
   65.600000000000392        8.4393518013727541E-003  -1.0561806836239011E-003
   65.800000000000395        6.8941210257712571E-003   3.4575071864416801E-003
   66.000000000000398        3.5170655118835115E-003   6.4944756862057090E-003
   66.200000000000401       -8.7969957756891420E-004   7.2767064701876952E-003
   66.400000000000404       -4.7654129968615197E-003   5.4527596832636312E-003
   66.600000000000406       -6.5117409350186608E-003   2.0555450292952175E-003
   66.800000000000409       -5.9156931524236176E-003  -8.2634953142305106E-004
   67.000000000000412       -4.6239365516979481E-003  -1.8853825271439421E-003
   67.200000000000415       -4.4886815878654616E-003  -1.9059701006688794E-003
   67.400000000000418       -5.6286245795781195E-003  -2.7860657867819190E-003
   67.600000000000421       -6.5243056521256913E-003  -5.4780334170494542E-003
   67.800000000000423       -5.6826421639939824E-003  -9.3160312714339766E-003
   68.000000000000426       -2.7098081848758388E-003  -1.3008229978485081E-002
   68.200000000000429        2.1059795223022631E-003  -1.5711935909970994E-002
   68.400000000000432        8.7187821535251106E-003  -1.6805555906270284E-002
   68.600000000000435        1.6940831104403177E-002  -1.4897998310170687E-002
   68.800000000000438        2.5001730246794855E-002  -8.3133594602590854E-003
   69.000000000000441        2.9629431107940765E-002   2.9102627111095413E-003
   69.200000000000443        2.8146586061082193E-002   1.6144459949069843E-002
   69.400000000000446        2.0366469355422665E-002   2.7547785972379731E-002
   69.600000000000449        8.4936951856001905E-003   3.4398494647143861E-002
   69.800000000000452       -4.8572534366326872E-003   3.6113757565963391E-002
   70.000000000000455       -1.8089897815136785E-002   3.2974560240667319E-002
   70.200000000000458       -2.9777375456147906E-002   2.4886347633465394E-002
   70.400000000000460       -3.7588799601862934E-002   1.2279154734099285E-002
   70.600000000000463       -3.9312347964640358E-002  -2.4830921630866688E-003
   70.800000000000466       -3.4979813214687738E-002  -1.5770058218597029E-002
   71.000000000000469       -2.7152845500394301E-002  -2.5369601771868200E-002
   71.200000000000472       -1.8213381469596026E-002  -3.1946936824372885E-002
   71.400000000000475       -7.9425582398505827E-003  -3.6771882092536200E-002
   71.600000000000477        4.8233133875603112E-003  -3.8627778302035051E-002
   71.800000000000480        1.8543925986345997E-002  -3.4752158791424861E-002
   72.000000000000483        2.8930478115633054E-002  -2.4973767945254695E-002
   72.200000000000486        3.3229579114410254E-002  -1.3102530406824249E-002
   72.400000000000489        3.3056556303127600E-002  -3.1707402659383538E-003
   72.600000000000492        3.1857264571068002E-002   4.4526718289090690E-003
   72.800000000000495        3.0713797083858425E-002   1.2091869419473373E-002
   73.000000000000497        2.7872498376327652E-002   2.1022309478030653E-002
   73.200000000000500        2.1502002576429161E-002   3.0038173374888254E-002
   73.400000000000503        1.1416707595819534E-002   3.7014872794205914E-002
   73.600000000000506       -1.4438748879035557E-003   4.0225908970266136E-002
   73.800000000000509       -1.5441410728667292E-002   3.8338758225185392E-002
   74.000000000000512       -2.8047584604544280E-002   3.0867526821137917E-002
   74.200000000000514       -3.6615619857836346E-002   1.9010822822282475E-002
   74.400000000000517       -3.9730207807151877E-002   5.3045051764715259E-003
   74.600000000000520       -3.7649427224786577E-002  -7.6004175348363097E-003
   74.800000000000523       -3.1843933123829424E-002  -1.7888096177918474E-002
   75.000000000000526       -2.4198830094989708E-002  -2.5023089897792776E-002
   75.200000000000529       -1.6040127909287952E-002  -2.9627407713882822E-002
   75.400000000000531       -7.4811102156071303E-003  -3.2517246206122813E-002
   75.600000000000534        1.9809354876584224E-003  -3.3477720918009345E-002
   75.800000000000537        1.1924059772926293E-002  -3.1362948559901800E-002
   76.000000000000540        2.0560562490589011E-002  -2.5737598223869101E-002
   76.200000000000543        2.6241287773548741E-002  -1.7873306928514871E-002
   76.400000000000546        2.8905925721909496E-002  -9.6537677722356025E-003
   76.600000000000549        2.9574023812887276E-002  -1.9330104429503467E-003
   76.800000000000551        2.8816809783721836E-002   5.5036071433014182E-003
   77.000000000000554        2.6372390617573786E-002   1.2695669940216914E-002
   77.200000000000557        2.2119643124912814E-002   1.8970826848785517E-002
   77.400000000000560        1.6702922922167449E-002   2.3744553503493561E-002
   77.600000000000563        1.0867584158461016E-002   2.7280648982483564E-002
   77.800000000000566        4.5036322445911976E-003   3.0247668903751593E-002
   78.000000000000568       -3.3286116258293978E-003   3.2601573390686096E-002
   78.200000000000571       -1.3332313709253984E-002   3.2972853632451296E-002
   78.400000000000574       -2.4647915290614754E-002   2.9288644323803788E-002
   78.600000000000577       -3.4620029922620969E-002   2.0568928740345941E-002
   78.800000000000580       -4.0517571813402722E-002   8.1470176547258234E-003
   79.000000000000583       -4.1405849777086258E-002  -5.4286076051098548E-003
   79.200000000000585       -3.7827433755733601E-002  -1.8284420301002850E-002
   79.400000000000588       -3.0366222229395185E-002  -2.9350390818353604E-002
   79.600000000000591       -1.9562408306298393E-002  -3.7344885029688281E-002
   79.800000000000594       -6.9450164613426065E-003  -4.0926375272707892E-002
   80.000000000000597        5.0975382388270185E-003  -4.0157499209401093E-002
   80.200000000000600        1.5274160998115289E-002  -3.6867570001574812E-002
   80.400000000000603        2.4600241965317245E-002  -3.2472151655141224E-002
   80.600000000000605        3.4380756607785445E-002  -2.5783520539188635E-002
   80.800000000000608        4.3061202867303805E-002  -1.4470940543594050E-002
   81.000000000000611        4.6725449689005424E-002   1.0072022247882831E-003
   81.200000000000614        4.3377504034792423E-002   1.6605203950903619E-002
   81.400000000000617        3.5064176868892946E-002   2.8662800742265855E-002
   81.600000000000620        2.4799893276807809E-002   3.6948743582007483E-002
   81.800000000000622        1.3222029172693640E-002   4.2679946182887757E-002
   82.000000000000625       -3.3225445103156787E-004   4.5305486305873173E-002
   82.200000000000628       -1.4794951584834185E-002   4.2918206906919922E-002
   82.400000000000631       -2.7110876191479567E-002   3.5201207578095681E-002
   82.600000000000634       -3.5021286945800770E-002   2.4523367264589903E-002
   82.800000000000637       -3.9031195941427163E-002   1.3638908645769169E-002
   83.000000000000639       -4.0915082286265399E-002   3.1124207978098311E-003
   83.200000000000642       -4.0950662918305389E-002  -8.0945590468033939E-003
   83.400000000000645       -3.7695933452546550E-002  -2.0010160391761570E-002
   83.600000000000648       -3.0228031823089384E-002  -3.0769399958642925E-002
   83.800000000000651       -1.9520398373339506E-002  -3.8296208690093238E-002
   84.000000000000654       -7.4600101654972179E-003  -4.1912522777695180E-002
   84.200000000000657        4.6405983446721503E-003  -4.2032878278928570E-002
   84.400000000000659        1.6177549876193690E-002  -3.9067293529007972E-002
   84.600000000000662        2.6578973596515523E-002  -3.3149175819968686E-002
   84.800000000000665        3.5051080578794719E-002  -2.4550473356446105E-002
   85.000000000000668        4.0891887787238304E-002  -1.3947232681175332E-002
   85.200000000000671        4.3856133877566608E-002  -2.1446897561830580E-003
   85.400000000000674        4.3908802795058488E-002   1.0439097597264430E-002
   85.600000000000676        4.0513744093041898E-002   2.3573053629758568E-002
   85.800000000000679        3.2655768127086593E-002   3.6275544898438081E-002
   86.000000000000682        1.9870814606890663E-002   4.6388549564393269E-002
   86.200000000000685        3.3049379487062177E-003   5.1276973556005995E-002
   86.400000000000688       -1.4121535570898368E-002   4.9301416176532151E-002
   86.600000000000691       -2.8950015598561057E-002   4.1047755773223657E-002
   86.800000000000693       -3.9080064716152565E-002   2.9000781119663879E-002
   87.000000000000696       -4.4560417904001955E-002   1.5747754510978321E-002
   87.200000000000699       -4.6487556306664027E-002   2.4118571110766322E-003
   87.400000000000702       -4.5191359851230295E-002  -1.1041917512053735E-002
   87.600000000000705       -3.9993477659610005E-002  -2.4072955452551774E-002
   87.800000000000708       -3.0774837208634859E-002  -3.5032503633608138E-002
   88.000000000000711       -1.8666687465899480E-002  -4.2531275007100688E-002
   88.200000000000713       -4.9350427801019541E-003  -4.6182514884024944E-002
   88.400000000000716        9.7047039379886679E-003  -4.5681047315777989E-002
   88.600000000000719        2.4153800098072879E-002  -4.0116493364589750E-002
   88.800000000000722        3.5905447188648458E-002  -2.9029555049473944E-002
   89.000000000000725        4.1934099078834344E-002  -1.4141879370829058E-002
   89.200000000000728        4.1070808155406750E-002   7.4716474595331521E-004
   89.400000000000730        3.5147526986349077E-002   1.2115224877481274E-002
   89.600000000000733        2.7570731166119845E-002   1.8953535198345587E-002
   89.800000000000736        2.0736167073509299E-002   2.2804248908387975E-002
   90.000000000000739        1.4685245682093834E-002   2.5675488643943381E-002
   90.200000000000742        8.2184571911067851E-003   2.8048914974247687E-002
   90.400000000000745        8.1918851221713632E-004   2.9047250954434584E-002
   90.600000000000747       -6.8947901187197784E-003   2.7813868525407452E-002
   90.800000000000750       -1.3824332220067318E-002   2.4182141400682464E-002
   91.000000000000753       -1.8906164513393844E-002   1.8686640591955662E-002
   91.200000000000756       -2.1503313609333524E-002   1.2479720474819055E-002
   91.400000000000759       -2.1843391635818429E-002   7.0256901610925293E-003
   91.600000000000762       -2.1278193319862207E-002   3.3505403872435657E-003
   91.800000000000765       -2.1695576424772555E-002   9.6875269674120187E-004
   92.000000000000767       -2.3796826654827415E-002  -2.2102931834022659E-003
   92.200000000000770       -2.6055970700906345E-002  -8.0502208057088385E-003
   92.400000000000773       -2.6013620176767720E-002  -1.6379440380027952E-002
   92.600000000000776       -2.2296939020500721E-002  -2.5349370269773477E-002
   92.800000000000779       -1.5132638907124287E-002  -3.3059372218935124E-002
   93.000000000000782       -5.4020958628612521E-003  -3.8527865852051084E-002
   93.200000000000784        6.3985272311535505E-003  -4.1274523226302914E-002
   93.400000000000787        1.9941958317622584E-002  -4.0271036339981192E-002
   93.600000000000790        3.3808736565269636E-002  -3.4049095712354455E-002
   93.800000000000793        4.5225677095943682E-002  -2.2256475503133456E-002
   94.000000000000796        5.1610159586362836E-002  -6.5929896133379799E-003
   94.200000000000799        5.2121136703846792E-002   1.0197630122666524E-002
   94.400000000000801        4.7481077694655406E-002   2.6029431863508243E-002
   94.600000000000804        3.8622090133210746E-002   3.9961953634726086E-002
   94.800000000000807        2.5933729471352016E-002   5.1379577160665227E-002
   95.000000000000810        9.6343508457166181E-003   5.9261522430510465E-002
   95.200000000000813       -9.6511880889030219E-003   6.2189892987708176E-002
   95.400000000000816       -3.0589566008082301E-002   5.8569076140507978E-002
   95.600000000000819       -5.0678743351339733E-002   4.6935619343590460E-002
   95.800000000000821       -6.5880477577431054E-002   2.7154880752186437E-002
   96.000000000000824       -7.1966570630600663E-002   2.1264884070713004E-003
   96.200000000000827       -6.7546211102622766E-002  -2.2693855249758157E-002
   96.400000000000830       -5.5147878733753750E-002  -4.2795299645861699E-002
   96.600000000000833       -3.8303516714548749E-002  -5.7073082996892018E-002
   96.800000000000836       -1.8495501745939426E-002  -6.5968308233467526E-002
   97.000000000000838        3.7732836687956748E-003  -6.8428063565420777E-002
   97.200000000000841        2.5927556589758236E-002  -6.2593477529172908E-002
   97.400000000000844        4.3572093739047559E-002  -4.9197862787876780E-002
   97.600000000000847        5.4261133651799145E-002  -3.2223509514055927E-002
   97.800000000000850        5.9431303828549512E-002  -1.5225858239335538E-002
   98.000000000000853        6.1405893625954888E-002   1.8033768182568444E-003
   98.200000000000855        5.9391407364211037E-002   2.0457377324465283E-002
   98.400000000000858        5.0303272802774537E-002   3.9339291251838437E-002
   98.600000000000861        3.3638388183268753E-002   5.3548122203989079E-002
   98.800000000000864        1.3541574651925849E-002   5.9336967107674346E-002
   99.000000000000867       -4.8671272638674016E-003   5.7633273763275192E-002
   99.200000000000870       -1.9862185875888744E-002   5.1998616750978312E-002
   99.400000000000873       -3.2830910431475187E-002   4.4260961443869568E-002
   99.600000000000875       -4.4551019979025767E-002   3.3411838608455466E-002
   99.800000000000878       -5.3225443850103540E-002   1.8427841339148911E-002
   100.00000000000088       -5.6368403067205475E-002   6.6882917834019170E-004
