            (0.14659335100767398,-0.66456819637629672)
           (-0.68134594787789216,-0.15029426060341433)
       (-4.72019438586777501E-002,0.21398590372611398)
   (4.34041435517799959E-002,9.57427527463378808E-003)
  (1.43880835796190987E-003,-6.52271244779623754E-003)
 (-7.79481262688785925E-004,-1.71941376322627681E-004)
  (-1.70647397582102123E-005,7.73615122686699408E-005)
   (6.56719349909767880E-006,1.44862018200409004E-006)
  (1.07450416994558928E-007,-4.87117111425128257E-007)
 (-3.20855188043478456E-008,-7.07756353870991894E-009)
  (-4.19269369222874388E-010,1.90072164604759841E-009)
   (1.02306864369072770E-010,2.25672050491176890E-011)
  (1.11297776550500771E-012,-5.04574160231641144E-012)
 (-2.29542079788203068E-013,-5.06539254985227672E-014)
  (-2.20309881449054501E-015,9.78384040450919201E-015)
   (2.42861286636752993E-016,1.68268177169750288E-016)
 (-2.32452945780892151E-016,-1.33573707650214146E-016)
   (2.09901540593193658E-016,3.98986399474665632E-017)
  (1.63064006741819867E-016,-1.00613961606654811E-016)
   (2.07299455379228448E-016,4.98732999343332040E-017)
