 50 50 50 y y y
model
 2.715000000000	2.715000000000	0.000000000000	
 0.000000000000	2.715000000000	2.715000000000	
 2.715000000000	0.000000000000	2.715000000000	
4
C
 0.678810974815	2.036239690290	2.036239696931
 0.678810972314	0.678810975136	0.678810971487
 2.036239689426	2.036239691461	0.678810971220
 2.036239691681	0.678810975658	2.036239680442
6
C
 1.367889149419	0.789697745147	1.367714956531
 1.926609859457	1.348594755371	1.367883415728
 2.716644013820	4.857889945720	2.716542654919
 0.569093612612	2.710380417427	2.716583640352
 2.716590829394	2.710377804877	0.569095104046
 1.367768898319	1.348366229576	1.926606947704
