# energy (eV), imag part, real part
0.000000000000000000e+00 0.000000000000000000e+00 -1.346104899914312547e+01
2.797724981549663120e-02 6.366316640187739961e-03 -1.346215836142738098e+01
5.595449963099326240e-02 1.273930468482446614e-02 -1.346548760494988706e+01
8.393174944648990055e-02 1.912565441498107963e-02 -1.347104020296724691e+01
1.119089992619865248e-01 2.553209396991663188e-02 -1.347882195508277015e+01
1.398862490774831491e-01 3.196540853949812744e-02 -1.348884100357256166e+01
1.678634988929798011e-01 3.843245987537501074e-02 -1.350110785636811706e+01
1.958407487084764531e-01 4.494020623170858625e-02 -1.351563541682249436e+01
2.238179985239730496e-01 5.149572285040568409e-02 -1.353243902042599522e+01
2.517952483394697016e-01 5.810622311081166391e-02 -1.355153647867688171e+01
2.797724981549662981e-01 6.477908047027156058e-02 -1.357294813035454872e+01
3.077497479704630057e-01 7.152185132947300183e-02 -1.359669690048691315e+01
3.357269977859596022e-01 7.834229896557803885e-02 -1.362280836735048517e+01
3.637042476014562542e-01 8.524841868658754318e-02 -1.365131083789207800e+01
3.916814974169529062e-01 9.224846437262415599e-02 -1.368223543201485271e+01
4.196587472324495582e-01 9.935097658390715236e-02 -1.371561617623015650e+01
4.476359970479460992e-01 1.065648124312894018e-01 -1.375149010723966470e+01
4.756132468634427513e-01 1.138991774237609750e-01 -1.378989738608198401e+01
5.035904966789394033e-01 1.213636595284784403e-01 -1.383088142355345163e+01
5.315677464944360553e-01 1.289682657029333490e-01 -1.387448901769628051e+01
5.595449963099325963e-01 1.367234611864569516e-01 -1.392077050423937656e+01
5.875222461254293593e-01 1.446402118696386574e-01 -1.396977992097863108e+01
6.154994959409260114e-01 1.527300300960088841e-01 -1.402157518719656437e+01
6.434767457564225523e-01 1.610050242912425822e-01 -1.407621829934680946e+01
6.714539955719192044e-01 1.694779528619401454e-01 -1.413377554436894457e+01
6.994312453874157454e-01 1.781622828592990815e-01 -1.419431773215592862e+01
7.274084952029125084e-01 1.870722539643857318e-01 -1.425792044887181831e+01
7.553857450184090494e-01 1.962229484218586673e-01 -1.432466433301484976e+01
7.833629948339058124e-01 2.056303676295704874e-01 -1.439463537634264512e+01
8.113402446494023534e-01 2.153115161844954273e-01 -1.446792525202705981e+01
8.393174944648991165e-01 2.252844942922548055e-01 -1.454463167268907675e+01
8.672947442803956575e-01 2.355685995714079106e-01 -1.462485878128520866e+01
8.952719940958921985e-01 2.461844394265932934e-01 -1.470871757818094672e+01
9.232492439113889615e-01 2.571540553309939470e-01 -1.479632638816174328e+01
9.512264937268855025e-01 2.685010605515404380e-01 -1.488781137160449575e+01
9.792037435423821545e-01 2.802507930756950039e-01 -1.498330708457351967e+01
1.007180993357878807e+00 2.924304857616217834e-01 -1.508295709322398537e+01
1.035158243173375459e+00 3.050694560420949553e-01 -1.518691464860733120e+01
1.063135492988872111e+00 3.181993178746946871e-01 -1.529534342879199116e+01
1.091112742804368541e+00 3.318542190576121986e-01 -1.540841835615755073e+01
1.119089992619865193e+00 3.460711075348065213e-01 -1.552632649881417137e+01
1.147067242435362067e+00 3.608900309118199812e-01 -1.564926806636670875e+01
1.175044492250858719e+00 3.763544741142058614e-01 -1.577745751171869415e+01
1.203021742066355149e+00 3.925117409680239922e-01 -1.591112475233084567e+01
1.230998991881852023e+00 4.094133864962954950e-01 -1.605051652636178261e+01
1.258976241697348675e+00 4.271157079433841597e-01 -1.619589790147825070e+01
1.286953491512845105e+00 4.456803040081650513e-01 -1.634755395690040913e+01
1.314930741328341757e+00 4.651747135436485325e-01 -1.650579166252582297e+01
1.342907991143838409e+00 4.856731471398442190e-01 -1.667094198285895246e+01
1.370885240959335061e+00 5.072573276404263032e-01 -1.684336223808699984e+01
1.398862490774831491e+00 5.300174588706864087e-01 -1.702343876014496615e+01
1.426839740590328365e+00 5.540533458259020438e-01 -1.721158988819849256e+01
1.454816990405825017e+00 5.794756944804374532e-01 -1.740826935588474811e+01
1.482794240221321447e+00 6.064076254807785338e-01 -1.761397013219428942e+01
1.510771490036818099e+00 6.349864436089400765e-01 -1.782922878943364609e+01
1.538748739852314751e+00 6.653657144762717968e-01 -1.805463048576407203e+01
1.566725989667811625e+00 6.977177119989028675e-01 -1.829081466698170999e+01
1.594703239483308055e+00 7.322363155680571278e-01 -1.853848161327473676e+01
1.622680489298804707e+00 7.691404554680009165e-01 -1.879839998267268442e+01
1.650657739114301581e+00 8.086782303678884398e-01 -1.907141553509359611e+01
1.678634988929798233e+00 8.511318534628531385e-01 -1.935846126098439868e+01
1.706612238745294663e+00 8.968236265857020273e-01 -1.966056918874093640e+01
1.734589488560791315e+00 9.461231978356686723e-01 -1.997888420827423417e+01
1.762566738376287745e+00 9.994564328281424492e-01 -2.031468032806605706e+01
1.790543988191784397e+00 1.057316329390092680e+00 -2.066937988487771349e+01
1.818521238007281271e+00 1.120276540122819631e+00 -2.104457635566697249e+01
1.846498487822777923e+00 1.189008250688323942e+00 -2.144206158923390859e+01
1.874475737638274575e+00 1.264301414248922395e+00 -2.186385849276413396e+01
1.902452987453771005e+00 1.347091694081970603e+00 -2.231226049209189810e+01
1.930430237269267879e+00 1.438494961554569684e+00 -2.278987945621336308e+01
1.958407487084764309e+00 1.539851902722643162e+00 -2.329970426607677680e+01
1.986384736900261183e+00 1.652786307112806385e+00 -2.384517285484783855e+01
2.014361986715757613e+00 1.779282107670585145e+00 -2.443026140450848516e+01
2.042339236531254265e+00 1.921786466257580539e+00 -2.505959551990569523e+01
2.070316486346750917e+00 2.083349565157593286e+00 -2.573858969944842912e+01
2.098293736162247569e+00 2.267816946067632955e+00 -2.647362337152695133e+01
2.126270985977744221e+00 2.480098362737330753e+00 -2.727226423335732264e+01
2.154248235793240873e+00 2.726550110203505461e+00 -2.814355256786442894e+01
2.182225485608737081e+00 3.015529026944860469e+00 -2.909836323174777917e+01
2.210202735424234177e+00 3.358211830859416214e+00 -3.014986376531399515e+01
2.238179985239730385e+00 3.769834041271502567e+00 -3.131408375463723104e+01
2.266157235055227481e+00 4.271608591024598667e+00 -3.261059192633167214e+01
2.294134484870724133e+00 4.893772864293685743e+00 -3.406321636820827337e+01
2.322111734686220785e+00 5.680553462377822882e+00 -3.570056765865330561e+01
2.350088984501717437e+00 6.698450343532424966e+00 -3.755563958226704813e+01
2.378066234317213645e+00 8.050289170413932993e+00 -3.966243004453357202e+01
2.406043484132710297e+00 9.898943642559324019e+00 -4.204385372914048702e+01
2.434020733948206949e+00 1.250474717892583421e+01 -4.467522893690757257e+01
2.461997983763704045e+00 1.626828820216507410e+01 -4.738279822500079774e+01
2.489975233579200253e+00 2.169539852349733877e+01 -4.959758976977921208e+01
2.517952483394697349e+00 2.894227059763441545e+01 -4.998496324037105865e+01
2.545929733210193113e+00 3.654413989550247521e+01 -4.688716123470125297e+01
2.573906983025690209e+00 4.162556004492199691e+01 -4.097669833538708417e+01
2.601884232841186861e+00 4.393612124725115109e+01 -3.494859699012872056e+01
2.629861482656683513e+00 4.468728336362269715e+01 -2.917697021144545033e+01
2.657838732472180165e+00 4.343965901919106898e+01 -2.389226509841482837e+01
2.685815982287676817e+00 4.073038688519801553e+01 -2.050675790480750749e+01
2.713793232103173914e+00 3.816491024623690720e+01 -1.914691605952492282e+01
2.741770481918670122e+00 3.653059456624572476e+01 -1.890868888964238792e+01
2.769747731734167218e+00 3.582484268786636505e+01 -1.902037171815816663e+01
2.797724981549662981e+00 3.577517923060067062e+01 -1.905205129218276028e+01
2.825702231365160078e+00 3.604831229577796137e+01 -1.888012187363774430e+01
2.853679481180656730e+00 3.648355336906710278e+01 -1.859484585825331138e+01
2.881656730996153382e+00 3.707218454366707761e+01 -1.822681518814463075e+01
2.909633980811650034e+00 3.779024088679999238e+01 -1.776953036827788068e+01
2.937611230627146686e+00 3.863474718864462432e+01 -1.721964099669280657e+01
2.965588480442642894e+00 3.961355856885417381e+01 -1.655605987323061257e+01
2.993565730258139546e+00 4.074342036160336278e+01 -1.570750079761025120e+01
3.021542980073636198e+00 4.193468411259107143e+01 -1.455509218941908856e+01
3.049520229889133294e+00 4.299449862463965388e+01 -1.312191928261960072e+01
3.077497479704629502e+00 4.385775876180059640e+01 -1.158899270030298112e+01
3.105474729520126598e+00 4.464289240265315328e+01 -1.007862744854429771e+01
3.133451979335623250e+00 4.551037154886751068e+01 -8.551004167688434521e+00
3.161429229151119902e+00 4.653404968941308795e+01 -6.833649838479670002e+00
3.189406478966616110e+00 4.762556652755527153e+01 -4.730887146486246309e+00
3.217383728782112762e+00 4.858663925757842605e+01 -2.144068463459323670e+00
3.245360978597609414e+00 4.919616967881124481e+01 9.168433325822069602e-01
3.273338228413106066e+00 4.923936085886406033e+01 4.357432156038019144e+00
3.301315478228603162e+00 4.850564735748989875e+01 7.961804116807503107e+00
3.329292728044099370e+00 4.695107878875376883e+01 1.134630871325698642e+01
3.357269977859596466e+00 4.480780143971908558e+01 1.421237521013958727e+01
3.385247227675092230e+00 4.236131422739662611e+01 1.649077967186711646e+01
3.413224477490589326e+00 3.981922445580034520e+01 1.822775207752830440e+01
3.441201727306085978e+00 3.733477457483040496e+01 1.953656356473629785e+01
3.469178977121582630e+00 3.493720804048994921e+01 2.058626450064278401e+01
3.497156226937079282e+00 3.252345283167573342e+01 2.144958852391699367e+01
3.525133476752575490e+00 3.003078130920374278e+01 2.205069164958323924e+01
3.553110726568073030e+00 2.751612144026434592e+01 2.230706744239382999e+01
3.581087976383568794e+00 2.506824025779972587e+01 2.220540716366853573e+01
3.609065226199065446e+00 2.275802444911730404e+01 2.175487307391222558e+01
3.637042476014562542e+00 2.067852511944559168e+01 2.097360345698315953e+01
3.665019725830059194e+00 1.892655495893011164e+01 1.994980110843942711e+01
3.692996975645555846e+00 1.752113054798586589e+01 1.880775347831913535e+01
3.720974225461052054e+00 1.643447246101619186e+01 1.762875014240431426e+01
3.748951475276549150e+00 1.565131181219299172e+01 1.647578397557225571e+01
3.776928725092045802e+00 1.513524129805254503e+01 1.543679522143001215e+01
3.804905974907542010e+00 1.478458587845974570e+01 1.457117884152732046e+01
3.832883224723038662e+00 1.449290770336937761e+01 1.385008999646915662e+01
3.860860474538535758e+00 1.422500194241453642e+01 1.319757970726211305e+01
3.888837724354031966e+00 1.401117551550149543e+01 1.256797522299373604e+01
3.916814974169528618e+00 1.388916359011423118e+01 1.197063352656235757e+01
3.944792223985025270e+00 1.386686653611510422e+01 1.144545636022949964e+01
3.972769473800522366e+00 1.391148823322940586e+01 1.103097426418813143e+01
4.000746723616019018e+00 1.396300304548175042e+01 1.072683168460761749e+01
4.028723973431515226e+00 1.398634090581288980e+01 1.048187434881036850e+01
4.056701223247012322e+00 1.400448406005697954e+01 1.024835928040891453e+01
4.084678473062508530e+00 1.405782939405348131e+01 1.001947803033005258e+01
4.112655722878004738e+00 1.418018236686234346e+01 9.819129358577241007e+00
4.140632972693501834e+00 1.437475150193185058e+01 9.695314178984979492e+00
4.168610222508998930e+00 1.461039098744537235e+01 9.679692283365652017e+00
4.196587472324495138e+00 1.485621135996707309e+01 9.781031161494432524e+00
4.224564722139991346e+00 1.508351223384486772e+01 1.000528323006737175e+01
4.252541971955488442e+00 1.525764441843669594e+01 1.034732694215048632e+01
4.280519221770985538e+00 1.535567315933515076e+01 1.079114278566910379e+01
4.308496471586481746e+00 1.535951854224559909e+01 1.133275149535376869e+01
4.336473721401977954e+00 1.522710482372453455e+01 1.196986995130906095e+01
4.364450971217474162e+00 1.489816352910830588e+01 1.266528774773947497e+01
4.392428221032972147e+00 1.433058823956055328e+01 1.333475327565033375e+01
4.420405470848468354e+00 1.353677534600199550e+01 1.386766335948857432e+01
4.448382720663964562e+00 1.258955787576447882e+01 1.416948760366835991e+01
4.476359970479460770e+00 1.160757618653899748e+01 1.419053218580484099e+01
4.504337220294957866e+00 1.072570272314052353e+01 1.395885362997306700e+01
4.532314470110454963e+00 1.002760026967239071e+01 1.357629868051684419e+01
4.560291719925951170e+00 9.514786588546115809e+00 1.315258704324006267e+01
4.588268969741448267e+00 9.140789326572738460e+00 1.275530453343932180e+01
4.616246219556945363e+00 8.852925491701315153e+00 1.240801417543413265e+01
4.644223469372441571e+00 8.611649280508837379e+00 1.210707033432256630e+01
4.672200719187937779e+00 8.397197341143973759e+00 1.183574322892319231e+01
4.700177969003434875e+00 8.209386100009986365e+00 1.158342989761235309e+01
4.728155218818931083e+00 8.046120251251984712e+00 1.135168106272619681e+01
4.756132468634427291e+00 7.903056018432433660e+00 1.113676491718948647e+01
4.784109718449923498e+00 7.784785259180999617e+00 1.093995083674615287e+01
4.812086968265420595e+00 7.685501100851237943e+00 1.077415600984015676e+01
4.840064218080917691e+00 7.583494136948684350e+00 1.063741744098064146e+01
4.868041467896413899e+00 7.474294069237124916e+00 1.050612696520808065e+01
4.896018717711910107e+00 7.379176784548755030e+00 1.037312975498340606e+01
4.923995967527408091e+00 7.306796444897185161e+00 1.025606315224513665e+01
4.951973217342904299e+00 7.247985435411301580e+00 1.016551603584591135e+01
4.979950467158400507e+00 7.196973723947943213e+00 1.010574587304625283e+01
5.007927716973897603e+00 7.142913200948828312e+00 1.008625947761790620e+01
5.035904966789394699e+00 7.062303212194129820e+00 1.010726924232386281e+01
5.063882216604890907e+00 6.935552591400967692e+00 1.014969636915023443e+01
5.091859466420386227e+00 6.758623021104904538e+00 1.018839978943747937e+01
5.119836716235885099e+00 6.540076978381901718e+00 1.019903660727466743e+01
5.147813966051380419e+00 6.302250014170416748e+00 1.016743327452846835e+01
5.175791215866876627e+00 6.066478034480675241e+00 1.009649028944905957e+01
5.203768465682373723e+00 5.845490461169944751e+00 9.996335247431634485e+00
5.231745715497870819e+00 5.642218644868296273e+00 9.879475305770482052e+00
5.259722965313367027e+00 5.452303278312875534e+00 9.750543915900955483e+00
5.287700215128863235e+00 5.276352506790360941e+00 9.607421038115456113e+00
5.315677464944360331e+00 5.121698851945917674e+00 9.451535352735954021e+00
5.343654714759857427e+00 4.991944178056604287e+00 9.293232462144370487e+00
5.371631964575353635e+00 4.880373402105645297e+00 9.138902624685512066e+00
5.399609214390850731e+00 4.784073918896299737e+00 8.985209468543747136e+00
5.427586464206347827e+00 4.708274083142259592e+00 8.832628933652355130e+00
5.455563714021844035e+00 4.655832471622301405e+00 8.686896024691169060e+00
5.483540963837340243e+00 4.630029473435133269e+00 8.554923829053361573e+00
5.511518213652837339e+00 4.632517867372366815e+00 8.452772945577379460e+00
5.539495463468334435e+00 4.648219030055802392e+00 8.404208979792286982e+00
5.567472713283829755e+00 4.635689365111791638e+00 8.418594956001612672e+00
5.595449963099325963e+00 4.550638692589975776e+00 8.459599102201686094e+00
5.623427212914823059e+00 4.403054762076910045e+00 8.464221839146961912e+00
5.651404462730320155e+00 4.244181061176104386e+00 8.414119683388751270e+00
5.679381712545816363e+00 4.104085761729529658e+00 8.330308490483968598e+00
5.707358962361313459e+00 3.987137869579088445e+00 8.234935421752904716e+00
5.735336212176809667e+00 3.886628733533488145e+00 8.140319576043371086e+00
5.763313461992306763e+00 3.796024110525133555e+00 8.049434482270404700e+00
5.791290711807802971e+00 3.711895598554981301e+00 7.964392541433689132e+00
5.819267961623300067e+00 3.627976149342902357e+00 7.886112137215234519e+00
5.847245211438797163e+00 3.539260651946153580e+00 7.809271343119605469e+00
5.875222461254293371e+00 3.447878101971152187e+00 7.727230996144062836e+00
5.903199711069790467e+00 3.359665511609907007e+00 7.639289312252275366e+00
5.931176960885285787e+00 3.276567189963837112e+00 7.549220538328809127e+00
5.959154210700782883e+00 3.196555443805683350e+00 7.458558416283093351e+00
5.987131460516279091e+00 3.119021425620803978e+00 7.365958287979491814e+00
6.015108710331776187e+00 3.045213234128094637e+00 7.270771796794631925e+00
6.043085960147272395e+00 2.976831850670668800e+00 7.173676029903136353e+00
6.071063209962769491e+00 2.914681685492739760e+00 7.077290924902794877e+00
6.099040459778266587e+00 2.856293793833123207e+00 6.984082842040439054e+00
6.127017709593762795e+00 2.797955767847578379e+00 6.892874054068903078e+00
6.154994959409259003e+00 2.738980834936857178e+00 6.799064995941641598e+00
6.182972209224756099e+00 2.684075971769507074e+00 6.700024072417769538e+00
6.210949459040253195e+00 2.637443686577021662e+00 6.598931847657271810e+00
6.238926708855749403e+00 2.598806250636933601e+00 6.500108440904754481e+00
6.266903958671246500e+00 2.566087104620033532e+00 6.405882815667041541e+00
6.294881208486742707e+00 2.536274688480875117e+00 6.317823810887666092e+00
6.322858458302239804e+00 2.504976455266737734e+00 6.234246412342916877e+00
6.350835708117735123e+00 2.472127325619341676e+00 6.149836129841541599e+00
6.378812957933232219e+00 2.442826370337014108e+00 6.063853240556524860e+00
6.406790207748729316e+00 2.417859125380055652e+00 5.981302227175037345e+00
6.434767457564225523e+00 2.391992886004194130e+00 5.903976901873063454e+00
6.462744707379721731e+00 2.361116844296021977e+00 5.827228378573955148e+00
6.490721957195218828e+00 2.327598912119352992e+00 5.745116695738956558e+00
6.518699207010715924e+00 2.296621664172347366e+00 5.657110241415725049e+00
6.546676456826212132e+00 2.269782760358487472e+00 5.565469952963882250e+00
6.574653706641708339e+00 2.246770667654391929e+00 5.470086033608391851e+00
6.602630956457206324e+00 2.229666897216682209e+00 5.369203515683852679e+00
6.630608206272702532e+00 2.223514882958915528e+00 5.263469647602874169e+00
6.658585456088198740e+00 2.232817553846345504e+00 5.158788447482393735e+00
6.686562705903695836e+00 2.255337564066445033e+00 5.064575430388716271e+00
6.714539955719192932e+00 2.281123362811241950e+00 4.983931247922341434e+00
6.742517205534689140e+00 2.304552535341613861e+00 4.910931136765166904e+00
6.770494455350184460e+00 2.326713363142299595e+00 4.841640749229137342e+00
6.798471705165681556e+00 2.347549646151507297e+00 4.775025713627001345e+00
6.826448954981178652e+00 2.367198605152783131e+00 4.707438825523997394e+00
6.854426204796674860e+00 2.390846845771150253e+00 4.636888611329698762e+00
6.882403454612171956e+00 2.422045900854581824e+00 4.567820294880336363e+00
6.910380704427669052e+00 2.458434143997496601e+00 4.503616415779358562e+00
6.938357954243165260e+00 2.498823865353140494e+00 4.444020493391183102e+00
6.966335204058662356e+00 2.542211858377923850e+00 4.391245538250730718e+00
6.994312453874158564e+00 2.582788117510113057e+00 4.344259054384703944e+00
7.022289703689655660e+00 2.620076148733409660e+00 4.294254090439967086e+00
7.050266953505150980e+00 2.663487124566756847e+00 4.237603361043635886e+00
7.078244203320648076e+00 2.719587778730256478e+00 4.180127898293412692e+00
7.106221453136146060e+00 2.788733548115151617e+00 4.126987081114195988e+00
7.134198702951640492e+00 2.872419017331321545e+00 4.081459075798635538e+00
7.162175952767137588e+00 2.972432127428385584e+00 4.050368096007838759e+00
7.190153202582634684e+00 3.085766156048485698e+00 4.044483467576998947e+00
7.218130452398130892e+00 3.199994273382410270e+00 4.072558491684490356e+00
7.246107702213627988e+00 3.297738465592209511e+00 4.133255961052813454e+00
7.274084952029125084e+00 3.364389077003579143e+00 4.213505606951130744e+00
7.302062201844621292e+00 3.398283289922320982e+00 4.290724612416918937e+00
7.330039451660118388e+00 3.416486433810142831e+00 4.349821331541210867e+00
7.358016701475613708e+00 3.437491865495671650e+00 4.393449425313327161e+00
7.385993951291111692e+00 3.473358578814178088e+00 4.432305845859602300e+00
7.413971201106608788e+00 3.528957809579334803e+00 4.486115644144916814e+00
7.441948450922104108e+00 3.589717438065729294e+00 4.575551243769146126e+00
7.469925700737601204e+00 3.630402184235750784e+00 4.704614952316818588e+00
7.497902950553098300e+00 3.626713248694011682e+00 4.862190451267798252e+00
7.525880200368594508e+00 3.564313617921026633e+00 5.021093322775045387e+00
7.553857450184091604e+00 3.449813793069219425e+00 5.150870234293634553e+00
7.581834699999586924e+00 3.304707956193857044e+00 5.232006407626255573e+00
7.609811949815084020e+00 3.155555100116955280e+00 5.259537089870758741e+00
7.637789199630581116e+00 3.025934575145759364e+00 5.243132709996541685e+00
7.665766449446077324e+00 2.927261480156564843e+00 5.200623608410032794e+00
7.693743699261574420e+00 2.862540925571116279e+00 5.146813146288017116e+00
7.721720949077071516e+00 2.832613190776819945e+00 5.097018348939287513e+00
7.749698198892566836e+00 2.830372774824239990e+00 5.068748774615163377e+00
7.777675448708063932e+00 2.838205979292274694e+00 5.073338896638332152e+00
7.805652698523561916e+00 2.835417029560518554e+00 5.110096027038175670e+00
7.833629948339057236e+00 2.803951345568789222e+00 5.167234791057155441e+00
7.861607198154554332e+00 2.736169230613938463e+00 5.221615310601927185e+00
7.889584447970050540e+00 2.643807401807674484e+00 5.251680982792787944e+00
7.917561697785547636e+00 2.547249472303844353e+00 5.251597654938270132e+00
7.945538947601044732e+00 2.462434878538707572e+00 5.229509376231924911e+00
7.973516197416540052e+00 2.392990461646990141e+00 5.198605081640201853e+00
8.001493447232038037e+00 2.335202973150972472e+00 5.165964752760256573e+00
8.029470697047534244e+00 2.285408980369201704e+00 5.134468401604762811e+00
8.057447946863030452e+00 2.240708365343704767e+00 5.103865038420972056e+00
8.085425196678528437e+00 2.202079108540357044e+00 5.074447227300273866e+00
8.113402446494024645e+00 2.167298842313552409e+00 5.050230317506010813e+00
8.141379696309520853e+00 2.130892383404723311e+00 5.029291679068026433e+00
8.169356946125017060e+00 2.093861837140486681e+00 5.007101231990358947e+00
8.197334195940513268e+00 2.059634093920646336e+00 4.984343790208829006e+00
8.225311445756009476e+00 2.027728777900057899e+00 4.964689910741714840e+00
8.253288695571507461e+00 1.993639471463328317e+00 4.948825702369207491e+00
8.281265945387003669e+00 1.954786047099225765e+00 4.932321714455632389e+00
8.309243195202499876e+00 1.914061148979628202e+00 4.911252811471375601e+00
8.337220445017997861e+00 1.875451876165732168e+00 4.886502924784434931e+00
8.365197694833492292e+00 1.839237458701343808e+00 4.861309081797818621e+00
8.393174944648990277e+00 1.802532723256736524e+00 4.836191456097155061e+00
8.421152194464486485e+00 1.764433834949281188e+00 4.807625691013795333e+00
8.449129444279982692e+00 1.729227522172389175e+00 4.773450715210621809e+00
8.477106694095480677e+00 1.700342789788193754e+00 4.737548952022645921e+00
8.505083943910976885e+00 1.675476810115519744e+00 4.702994532119609161e+00
8.533061193726473093e+00 1.653715254695767189e+00 4.668656412816202916e+00
8.561038443541971077e+00 1.636705787334546081e+00 4.635763484755041297e+00
8.589015693357465508e+00 1.622918929066689442e+00 4.607305982815031342e+00
8.616992943172963493e+00 1.609232212029455100e+00 4.582937118998670734e+00
8.644970192988459701e+00 1.595616515214280273e+00 4.561123559507823444e+00
8.672947442803955909e+00 1.582053378164355983e+00 4.543779078151061412e+00
8.700924692619453893e+00 1.563779230310555102e+00 4.531390890945107941e+00
8.728901942434948324e+00 1.537771881901813353e+00 4.518417866583981812e+00
8.756879192250446309e+00 1.507120925281627777e+00 4.499578735903945415e+00
8.784856442065944293e+00 1.476739591281952091e+00 4.474310560671539427e+00
8.812833691881438725e+00 1.448897053208531238e+00 4.444640256998624750e+00
8.840810941696936709e+00 1.424410878271948455e+00 4.411513223668318773e+00
8.868788191512432917e+00 1.404801949617704881e+00 4.376205879533582532e+00
8.896765441327929125e+00 1.390335248751047192e+00 4.341098636854855641e+00
8.924742691143425333e+00 1.380178541078382004e+00 4.307657432600011660e+00
8.952719940958921541e+00 1.373409519190789796e+00 4.277131333253846535e+00
8.980697190774419525e+00 1.368252983001532197e+00 4.250008984290014169e+00
9.008674440589915733e+00 1.363731297093545791e+00 4.225333303210863534e+00
9.036651690405411941e+00 1.360444412392990854e+00 4.202867237571929593e+00
9.064628940220909925e+00 1.358137343740393410e+00 4.184036455406203281e+00
9.092606190036406133e+00 1.354769338398342793e+00 4.169533508766402718e+00
9.120583439851902341e+00 1.348165084587851004e+00 4.158376384864551412e+00
9.148560689667400325e+00 1.337108470245440550e+00 4.148480977783507662e+00
9.176537939482896533e+00 1.321500069464631499e+00 4.137395007633403843e+00
9.204515189298392741e+00 1.302640434007820591e+00 4.122645933934784068e+00
9.232492439113890725e+00 1.283431844531628396e+00 4.102994748411255443e+00
9.260469688929385157e+00 1.266528655216831112e+00 4.079697425323538518e+00
9.288446938744883141e+00 1.252591385103468014e+00 4.054505302184069571e+00
9.316424188560379349e+00 1.241715116585264678e+00 4.028407843828224699e+00
9.344401438375875557e+00 1.234162652347319478e+00 4.002191477102644335e+00
9.372378688191373541e+00 1.230101650553789838e+00 3.977210241525260592e+00
9.400355938006869749e+00 1.228509290057223646e+00 3.954813930604476724e+00
9.428333187822364181e+00 1.228109242016314662e+00 3.935103770899965880e+00
9.456310437637862165e+00 1.228439864593638076e+00 3.917838171568819305e+00
9.484287687453358373e+00 1.229160113935398257e+00 3.903368968905001957e+00
9.512264937268854581e+00 1.229383059125630950e+00 3.891732818773046443e+00
9.540242187084352565e+00 1.228776947874144154e+00 3.883072547667813623e+00
9.568219436899846997e+00 1.225496969611462594e+00 3.878134701941763574e+00
9.596196686715344981e+00 1.216744224918486328e+00 3.874806548160845576e+00
9.624173936530841189e+00 1.202748559111342264e+00 3.869392862411519030e+00
9.652151186346337397e+00 1.185499355767425156e+00 3.859783579986066027e+00
9.680128436161835381e+00 1.167630449099411605e+00 3.844890537648283146e+00
9.708105685977331589e+00 1.151893315448949906e+00 3.825784864601950108e+00
9.736082935792827797e+00 1.138867791687201869e+00 3.804324947159664294e+00
9.764060185608325781e+00 1.128243838319039849e+00 3.781006198055708367e+00
9.792037435423820213e+00 1.120554363246269780e+00 3.755085052326345707e+00
9.820014685239318197e+00 1.119024356093547778e+00 3.726439821798640306e+00
9.847991935054816182e+00 1.127101399686634808e+00 3.699848039550786893e+00
9.875969184870310613e+00 1.142123318866371084e+00 3.682261760749931501e+00
9.903946434685808597e+00 1.157158844008683740e+00 3.675764861740961731e+00
9.931923684501306582e+00 1.166861430298884894e+00 3.677843571825966329e+00
9.959900934316801013e+00 1.168265696189598968e+00 3.684246016985996519e+00
9.987878184132298998e+00 1.161454471282694190e+00 3.689737063815829998e+00
1.001585543394779521e+01 1.149739305516938481e+00 3.691095456214003256e+00
1.004383268376329141e+01 1.136286971893019526e+00 3.688239554914142904e+00
1.007180993357878940e+01 1.122863341549100724e+00 3.681872187255835982e+00
1.009978718339428561e+01 1.111055543511764387e+00 3.673062712350493086e+00
1.012776443320978181e+01 1.101365283639337944e+00 3.664051253625968396e+00
1.015574168302527980e+01 1.092135905212832769e+00 3.656373117586852572e+00
1.018371893284077245e+01 1.081574023322655398e+00 3.649181546125118913e+00
1.021169618265627221e+01 1.069962686714592159e+00 3.640903736922175060e+00
1.023967343247177020e+01 1.058269094341144356e+00 3.631543069554442837e+00
1.026765068228726285e+01 1.046455887588936262e+00 3.621092153632392563e+00
1.029562793210276084e+01 1.035514350084664414e+00 3.609127341133441469e+00
1.032360518191825705e+01 1.026531933349450254e+00 3.597170112435023270e+00
1.035158243173375325e+01 1.018083211814673650e+00 3.586954593068444552e+00
1.037955968154925124e+01 1.008168303145401845e+00 3.577781421939802975e+00
1.040753693136474745e+01 9.963200716525666412e-01 3.567902055605223666e+00
1.043551418118024365e+01 9.837278141044910607e-01 3.555849903283624158e+00
1.046349143099574164e+01 9.719829202724086237e-01 3.542472939444283320e+00
1.049146868081123607e+01 9.599979894972265893e-01 3.528569052406552053e+00
1.051944593062673405e+01 9.478010282172966150e-01 3.512619988485821576e+00
1.054742318044223204e+01 9.367076524228532541e-01 3.494734786379878777e+00
1.057540043025772647e+01 9.268788900994316959e-01 3.475145557567278498e+00
1.060337768007322445e+01 9.192972102694618730e-01 3.453746923981994676e+00
1.063135492988872066e+01 9.147313678974100526e-01 3.431956509017482393e+00
1.065933217970421687e+01 9.120601031040765916e-01 3.410628869072468650e+00
1.068730942951971485e+01 9.110328739033620726e-01 3.388745398179002777e+00
1.071528667933521106e+01 9.131261290631702554e-01 3.366175384315122532e+00
1.074326392915070727e+01 9.195745232886511911e-01 3.344410504224406111e+00
1.077124117896620525e+01 9.304292216185140463e-01 3.325927651063492974e+00
1.079921842878170146e+01 9.436660731478542230e-01 3.313245934107448054e+00
1.082719567859719767e+01 9.554706489934942093e-01 3.306860075587792380e+00
1.085517292841269565e+01 9.625336876935181030e-01 3.304113796685816062e+00
1.088315017822819009e+01 9.647010923465447751e-01 3.300714111045619958e+00
1.091112742804368807e+01 9.650279999507054285e-01 3.294037384521242284e+00
1.093910467785918428e+01 9.669837966607699453e-01 3.284940319335787784e+00
1.096708192767468049e+01 9.714042893101650922e-01 3.276368960366939920e+00
1.099505917749017847e+01 9.763222602157289876e-01 3.269884946807877224e+00
1.102303642730567468e+01 9.799766794390166735e-01 3.264409612460960286e+00
1.105101367712116911e+01 9.824712327935809508e-01 3.258192528508547348e+00
1.107899092693666887e+01 9.850595796713927932e-01 3.250042042948900534e+00
1.110696817675216330e+01 9.898907216737259374e-01 3.239735567088378065e+00
1.113494542656765951e+01 9.993127943240781574e-01 3.228827800534670001e+00
1.116292267638315572e+01 1.014274008003134497e+00 3.220767586572726771e+00
1.119089992619865193e+01 1.032866214830814089e+00 3.219401203662570765e+00
1.121887717601414991e+01 1.050519050692462875e+00 3.226526535071535307e+00
1.124685442582964612e+01 1.062304748643803531e+00 3.240263033354169320e+00
1.127483167564514233e+01 1.065546652193103849e+00 3.255756923601386355e+00
1.130280892546064031e+01 1.061773789009417213e+00 3.267215625097835030e+00
1.133078617527613652e+01 1.056196945492475114e+00 3.272103395897878908e+00
1.135876342509163273e+01 1.053070132537865078e+00 3.271912005193534423e+00
1.138674067490713071e+01 1.055106739846394914e+00 3.268978651822618264e+00
1.141471792472262692e+01 1.064051428376751485e+00 3.267896514527564023e+00
1.144269517453812313e+01 1.076761295137056429e+00 3.273656518510620117e+00
1.147067242435361933e+01 1.087952231633222633e+00 3.286261036142203551e+00
1.149864967416911732e+01 1.095662655287580778e+00 3.302524112591571637e+00
1.152662692398461353e+01 1.101139511467946530e+00 3.321098056107255836e+00
1.155460417380010973e+01 1.104001369126790255e+00 3.343063878967158065e+00
1.158258142361560594e+01 1.102611333006471961e+00 3.367644490553704184e+00
1.161055867343110393e+01 1.096593698808190354e+00 3.393914593110514133e+00
1.163853592324660013e+01 1.084774181446773067e+00 3.421029464692213917e+00
1.166651317306209634e+01 1.066418471679253521e+00 3.446365402880744444e+00
1.169449042287759433e+01 1.043354113176021114e+00 3.467140681953998271e+00
1.172246767269309053e+01 1.018447808435168023e+00 3.483008282032050484e+00
1.175044492250858674e+01 9.933994211449401757e-01 3.494919772815717973e+00
1.177842217232408295e+01 9.689818318026871546e-01 3.504056704748017559e+00
1.180639942213958093e+01 9.455133224706712136e-01 3.511226033838958926e+00
1.183437667195507714e+01 9.233833806873888994e-01 3.517861560850300773e+00
1.186235392177057157e+01 9.008351997819288304e-01 3.525673624524049643e+00
1.189033117158606778e+01 8.752076822430006064e-01 3.533214891305929584e+00
1.191830842140156577e+01 8.469256942169081093e-01 3.537351310253256997e+00
1.194628567121706197e+01 8.188154843633477231e-01 3.536798134956472772e+00
1.197426292103255818e+01 7.937850099703458451e-01 3.533135461967066071e+00
1.200224017084805439e+01 7.718553802204884962e-01 3.529760406288052543e+00
1.203021742066355237e+01 7.505708652078051379e-01 3.527553365514776385e+00
1.205819467047904858e+01 7.295404530450021463e-01 3.525748667362183397e+00
1.208617192029454479e+01 7.082450790767274018e-01 3.525432184322439433e+00
1.211414917011004277e+01 6.840377790271747749e-01 3.525946951815509767e+00
1.214212641992553898e+01 6.567500694404019290e-01 3.524019415982228232e+00
1.217010366974103519e+01 6.289113790775597845e-01 3.518470786138669482e+00
1.219808091955653317e+01 6.020498205392895708e-01 3.510450822955976768e+00
1.222605816937202938e+01 5.758985424578388912e-01 3.501005201468641026e+00
1.225403541918752559e+01 5.499099457611831276e-01 3.489919077054092877e+00
1.228201266900302180e+01 5.244073892223792832e-01 3.476474169024263983e+00
1.230998991881851801e+01 5.005260930756030291e-01 3.460498594380132520e+00
1.233796716863401599e+01 4.792893422315066543e-01 3.442962020278671265e+00
1.236594441844951220e+01 4.605307223868849720e-01 3.425152140385314681e+00
1.239392166826500841e+01 4.435270396340425525e-01 3.407531819823453212e+00
1.242189891808050639e+01 4.279334043425238598e-01 3.390033345805927745e+00
1.244987616789600260e+01 4.137417480445439444e-01 3.372764553529009834e+00
1.247785341771149881e+01 4.007316941109269059e-01 3.356084144011109771e+00
1.250583066752699679e+01 3.882749527048600102e-01 3.339991222266549986e+00
1.253380791734249300e+01 3.762482205573004501e-01 3.323872032264398424e+00
1.256178516715798921e+01 3.651929642547609989e-01 3.307629384264084926e+00
1.258976241697348541e+01 3.553220469620342326e-01 3.291808075411296830e+00
1.261773966678898162e+01 3.461854349807663156e-01 3.276899757621972942e+00
1.264571691660447961e+01 3.371647991573714087e-01 3.262802784501896980e+00
1.267369416641997582e+01 3.279229311656913781e-01 3.249099553041376875e+00
1.270167141623547025e+01 3.184845035024307380e-01 3.235186802354472757e+00
1.272964866605096823e+01 3.094817802982443578e-01 3.220724033728155522e+00
1.275762591586646444e+01 3.014987769455187427e-01 3.206177018713380455e+00
1.278560316568196065e+01 2.944157386312495905e-01 3.192239821269307054e+00
1.281358041549745863e+01 2.876169822479313631e-01 3.179245799404821327e+00
1.284155766531295306e+01 2.804011821749849420e-01 3.166889649683672037e+00
1.286953491512845105e+01 2.726161135736036578e-01 3.154375875525229578e+00
1.289751216494394903e+01 2.648445689027775773e-01 3.141140530218054394e+00
1.292548941475944346e+01 2.578288636546285373e-01 3.127362963887105440e+00
1.295346666457494145e+01 2.518086052256403029e-01 3.113653033504405254e+00
1.298144391439043766e+01 2.465320271918579331e-01 3.100503156522119941e+00
1.300942116420593386e+01 2.415316741509810905e-01 3.088040119850432585e+00
1.303739841402143185e+01 2.364730300862179779e-01 3.076039285325579353e+00
1.306537566383692806e+01 2.313016482675537000e-01 3.064178180438742682e+00
1.309335291365242426e+01 2.261994571545148380e-01 3.052217867771815030e+00
1.312133016346792225e+01 2.214897251004017964e-01 3.040162364217681823e+00
1.314930741328341668e+01 2.173631966067771648e-01 3.028353012855359960e+00
1.317728466309891466e+01 2.135430468925535730e-01 3.017170765046970793e+00
1.320526191291441265e+01 2.095298253005958011e-01 3.006507247832235663e+00
1.323323916272990708e+01 2.052126130855466968e-01 2.995860714419233073e+00
1.326121641254540506e+01 2.010073162257352830e-01 2.984946829202519414e+00
1.328919366236090127e+01 1.972808900697692602e-01 2.974056687717480330e+00
1.331717091217639748e+01 1.938852081119329662e-01 2.963562219927390551e+00
1.334514816199189546e+01 1.905049988171438891e-01 2.953470670303761203e+00
1.337312541180739167e+01 1.869942275967229894e-01 2.943560708529095571e+00
1.340110266162288788e+01 1.834860002584867700e-01 2.933613250557805863e+00
1.342907991143838586e+01 1.801900814250088079e-01 2.923696039795953272e+00
1.345705716125387852e+01 1.770979363540859941e-01 2.913962450594198117e+00
1.348503441106937828e+01 1.741125811532047984e-01 2.904453359440278604e+00
1.351301166088487626e+01 1.711932503219937840e-01 2.895098514558089420e+00
1.354098891070036892e+01 1.684171158888800035e-01 2.885914816586851117e+00
1.356896616051586690e+01 1.657192233101476286e-01 2.876990914424613521e+00
1.359694341033136311e+01 1.630400582833843870e-01 2.868292639745889439e+00
1.362492066014685932e+01 1.603288202565003595e-01 2.859832655776589405e+00
1.365289790996235730e+01 1.575098296138888743e-01 2.851517779765882388e+00
1.368087515977785351e+01 1.546360877063024108e-01 2.843258281461765513e+00
1.370885240959334972e+01 1.517687013475600977e-01 2.835038341321360456e+00
1.373682965940884770e+01 1.489726714147401598e-01 2.826875670356360892e+00
1.376480690922434391e+01 1.462684887938953959e-01 2.818864537568571027e+00
1.379278415903984012e+01 1.435519473416869141e-01 2.811055668804653074e+00
1.382076140885533810e+01 1.407580215332323026e-01 2.803353201387806415e+00
1.384873865867083254e+01 1.379831543862276300e-01 2.795706236746627660e+00
1.387671590848633052e+01 1.352703320020872957e-01 2.788249390934771199e+00
1.390469315830182850e+01 1.324326846662264856e-01 2.781086333294538804e+00
1.393267040811732471e+01 1.292445105816476536e-01 2.774043076927005469e+00
1.396064765793282092e+01 1.257565841078941704e-01 2.766806348935789028e+00
1.398862490774831713e+01 1.222511246860983475e-01 2.759262463304112956e+00
1.401660215756381511e+01 1.189283808897451944e-01 2.751561116170927690e+00
1.404457940737931132e+01 1.157725866231201078e-01 2.743872032379178094e+00
1.407255665719480753e+01 1.126966872558320398e-01 2.736232977016330281e+00
1.410053390701030196e+01 1.096874120820732768e-01 2.728611905475717414e+00
1.412851115682580172e+01 1.067702502976974471e-01 2.721034735050283260e+00
1.415648840664129615e+01 1.039177413115842802e-01 2.713541851274402283e+00
1.418446565645679236e+01 1.010847793921964138e-01 2.706138170769972540e+00
1.421244290627229212e+01 9.824450322194219765e-02 2.698796874159604897e+00
1.424042015608778655e+01 9.539641409025712004e-02 2.691508218311229328e+00
1.426839740590328098e+01 9.251458121107868082e-02 2.684269041143096501e+00
1.429637465571878074e+01 8.956894905199487555e-02 2.677044782179095694e+00
1.432435190553427518e+01 8.655648546170141566e-02 2.669773682645261381e+00
1.435232915534977138e+01 8.352811021665360047e-02 2.662402368739566150e+00
1.438030640516526937e+01 8.054840287578475533e-02 2.654942462162367178e+00
1.440828365498076558e+01 7.762357569254842160e-02 2.647425993868480099e+00
1.443626090479626178e+01 7.474801124578314693e-02 2.639839079089695062e+00
1.446423815461175977e+01 7.195501259688970308e-02 2.632165817028265131e+00
1.449221540442725598e+01 6.927767636529090500e-02 2.624424474658699324e+00
1.452019265424275218e+01 6.671919953958875549e-02 2.616634356523728222e+00
1.454816990405825017e+01 6.428654933087978030e-02 2.608781801773035092e+00
1.457614715387374638e+01 6.203126009928525836e-02 2.600859417867233514e+00
1.460412440368924258e+01 6.001655398817427184e-02 2.592914541085145075e+00
1.463210165350473879e+01 5.825828127068722467e-02 2.585039145986978149e+00
1.466007890332023678e+01 5.670894010316625961e-02 2.577307024878693120e+00
1.468805615313573298e+01 5.530921197286373797e-02 2.569744076920831510e+00
1.471603340295122742e+01 5.401018569156298965e-02 2.562359938288526706e+00
1.474401065276672718e+01 5.275735533424839169e-02 2.555149779158055967e+00
1.477198790258222338e+01 5.150075866858654788e-02 2.548078468440262423e+00
1.479996515239771782e+01 5.022577219966175427e-02 2.541081021405283913e+00
1.482794240221321758e+01 4.898130349874469519e-02 2.534112978328367127e+00
1.485591965202871201e+01 4.781446615438390141e-02 2.527211441399193959e+00
1.488389690184420822e+01 4.668426263081912331e-02 2.520423813625404019e+00
1.491187415165970798e+01 4.553359531225994322e-02 2.513704597923235529e+00
1.493985140147520241e+01 4.440003584462507563e-02 2.506989050695326959e+00
1.496782865129069862e+01 4.334303826877484306e-02 2.500296230410268272e+00
1.499580590110619660e+01 4.236356515069997913e-02 2.493671335938033806e+00
1.502378315092169281e+01 4.142940417395542946e-02 2.487127683081171270e+00
1.505176040073718902e+01 4.052620220749853647e-02 2.480637913800050498e+00
1.507973765055268700e+01 3.968767126854884364e-02 2.474191017530936509e+00
1.510771490036818321e+01 3.892883213356369138e-02 2.467833277915821633e+00
1.513569215018367764e+01 3.820047183815306752e-02 2.461594578924916732e+00
1.516366939999917385e+01 3.745687884542486801e-02 2.455443726294538109e+00
1.519164664981467183e+01 3.669935369694216076e-02 2.449332989777349034e+00
1.521962389963016804e+01 3.595874953732543233e-02 2.443241418004769905e+00
1.524760114944566425e+01 3.526084593753221752e-02 2.437173261540916513e+00
1.527557839926116223e+01 3.462518555245056723e-02 2.431145341843710561e+00
1.530355564907665844e+01 3.405087669845745929e-02 2.425192306119602570e+00
1.533153289889215465e+01 3.349758340430005615e-02 2.419332082555468055e+00
1.535951014870765263e+01 3.293003828764348023e-02 2.413530006552567109e+00
1.538748739852314884e+01 3.236353063852985545e-02 2.407741328594763974e+00
1.541546464833864327e+01 3.183707256927609947e-02 2.401952914310020226e+00
1.544344189815414303e+01 3.138831599723956867e-02 2.396179296502635392e+00
1.547141914796963924e+01 3.103696394527780122e-02 2.390463483830626235e+00
1.549939639778513367e+01 3.076077611436459427e-02 2.384850006966025227e+00
1.552737364760063343e+01 3.051388195196926001e-02 2.379351986469151470e+00
1.555535089741612786e+01 3.025563421747427470e-02 2.373943433226404665e+00
1.558332814723162407e+01 2.998624365786087959e-02 2.368576684896289919e+00
1.561130539704712383e+01 2.974384961482993278e-02 2.363233968347795866e+00
1.563928264686261826e+01 2.955308286760913519e-02 2.357937391783513803e+00
1.566725989667811447e+01 2.940760274881295058e-02 2.352709304132324153e+00
1.569523714649361246e+01 2.929345803309264459e-02 2.347554023137921941e+00
1.572321439630910866e+01 2.920387601846930956e-02 2.342465738145610210e+00
1.575119164612460487e+01 2.914304850272786754e-02 2.337438549000909305e+00
1.577916889594010108e+01 2.912296328807673432e-02 2.332477344673421271e+00
1.580714614575559906e+01 2.914747072089913030e-02 2.327605926643146361e+00
1.583512339557109527e+01 2.919309203593343019e-02 2.322847978926899870e+00
1.586310064538659148e+01 2.922175043633031682e-02 2.318202921632132707e+00
1.589107789520208946e+01 2.920425095382648412e-02 2.313640921995630428e+00
1.591905514501758567e+01 2.914460434389009105e-02 2.309121012882661361e+00
1.594703239483308010e+01 2.907196102207184121e-02 2.304625504929906477e+00
1.597500964464857987e+01 2.900941679414343125e-02 2.300163483759847693e+00
1.600298689446407607e+01 2.896215428152805818e-02 2.295751996914888515e+00
1.603096414427956873e+01 2.892338636336998225e-02 2.291404427612222072e+00
1.605894139409506849e+01 2.887533727288085772e-02 2.287126532744057084e+00
1.608691864391056470e+01 2.880060340568288413e-02 2.282903489262197549e+00
1.611489589372606090e+01 2.870417245522940280e-02 2.278714700646365721e+00
1.614287314354156067e+01 2.859914098547394409e-02 2.274559743811297441e+00
1.617085039335705687e+01 2.847641315168989232e-02 2.270442864786174297e+00
1.619882764317254953e+01 2.833004772209554017e-02 2.266335621989099103e+00
1.622680489298804929e+01 2.820062885512990628e-02 2.262217795015414534e+00
1.625478214280354550e+01 2.812528858355878986e-02 2.258122999456302349e+00
1.628275939261904171e+01 2.809389810855944178e-02 2.254094198600559373e+00
1.631073664243453436e+01 2.807385870766877095e-02 2.250147992747963954e+00
1.633871389225003412e+01 2.803397952335189708e-02 2.246270148791282395e+00
1.636669114206553033e+01 2.797492432966106404e-02 2.242432193647698746e+00
1.639466839188102654e+01 2.791472607310585899e-02 2.238631504875484346e+00
1.642264564169652274e+01 2.785636615030673280e-02 2.234879725359575353e+00
1.645062289151201895e+01 2.779040802551375339e-02 2.231187674077034444e+00
1.647860014132751516e+01 2.769260977612679822e-02 2.227553796221513949e+00
1.650657739114301492e+01 2.754631777832431891e-02 2.223947533196384274e+00
1.653455464095851113e+01 2.737335559820524081e-02 2.220332650166283894e+00
1.656253189077400734e+01 2.721864682518587708e-02 2.216712047662206864e+00
1.659050914058950355e+01 2.709759385404073712e-02 2.213125205784319149e+00
1.661848639040499975e+01 2.698530742337208743e-02 2.209598331079757116e+00
1.664646364022049596e+01 2.685409656803089407e-02 2.206123754381282609e+00
1.667444089003599572e+01 2.669757732505537856e-02 2.202680696261633209e+00
1.670241813985149193e+01 2.652565219251410214e-02 2.199256738664003841e+00
1.673039538966698458e+01 2.634789096034655456e-02 2.195853052833522945e+00
1.675837263948248435e+01 2.616856258258514270e-02 2.192471894907961349e+00
1.678634988929798055e+01 2.599224262238765751e-02 2.189123736130861531e+00
1.681432713911347676e+01 2.580180743537346597e-02 2.185819014385106840e+00
1.684230438892897297e+01 2.558135686254278326e-02 2.182540567150659250e+00
1.687028163874447273e+01 2.533836805402339340e-02 2.179272178572967178e+00
1.689825888855996538e+01 2.508002900829688075e-02 2.176010461337190005e+00
1.692623613837546159e+01 2.480951714936458288e-02 2.172750854878001014e+00
1.695421338819096135e+01 2.453379910258703459e-02 2.169485450319584174e+00
1.698219063800645756e+01 2.426817251239068995e-02 2.166212603846831453e+00
1.701016788782195377e+01 2.402157516702549053e-02 2.162940895912321082e+00
1.703814513763744998e+01 2.379802619595567867e-02 2.159674703835738008e+00
1.706612238745294619e+01 2.360352914675089078e-02 2.156420451847458786e+00
1.709409963726844239e+01 2.344026775200034121e-02 2.153185627780513478e+00
1.712207688708394215e+01 2.331035535219173199e-02 2.149975130297929304e+00
1.715005413689943836e+01 2.322156813963342434e-02 2.146795839212336077e+00
1.717803138671493102e+01 2.317984670869966193e-02 2.143668173664670551e+00
1.720600863653043078e+01 2.317392204328174929e-02 2.140617001812583631e+00
1.723398588634592699e+01 2.317782836945795830e-02 2.137656703802603531e+00
1.726196313616142319e+01 2.316426579594642321e-02 2.134781916386881306e+00
1.728994038597691940e+01 2.312212067603700016e-02 2.131976546197384526e+00
1.731791763579241561e+01 2.305714666208224725e-02 2.129238229434399443e+00
1.734589488560791182e+01 2.295561514307229226e-02 2.126588003082575451e+00
1.737387213542340803e+01 2.277370808179357206e-02 2.124024176321203328e+00
1.740184938523890779e+01 2.247413014182213925e-02 2.121514485144568418e+00
1.742982663505440044e+01 2.203852501230086497e-02 2.119002485894698751e+00
1.745780388486989665e+01 2.149062704795285175e-02 2.116428171039043793e+00
1.748578113468539641e+01 2.087876401513277108e-02 2.113761791908384424e+00
1.751375838450089262e+01 2.024968469671230634e-02 2.111002125029394882e+00
1.754173563431638883e+01 1.963610606326486943e-02 2.108166291187495656e+00
1.756971288413188859e+01 1.905270456380970742e-02 2.105273480930615726e+00
1.759769013394738124e+01 1.850852964835187145e-02 2.102336781874905469e+00
1.762566738376287745e+01 1.801050446406185501e-02 2.099367666067950111e+00
1.765364463357837721e+01 1.756784508721189256e-02 2.096376040090533355e+00
1.768162188339387342e+01 1.719099977336480817e-02 2.093381259071039224e+00
1.770959913320936963e+01 1.687548016869845971e-02 2.090412470167339443e+00
1.773757638302486583e+01 1.659266999531079992e-02 2.087486846819072817e+00
1.776555363284036204e+01 1.631614960707532605e-02 2.084586506295865949e+00
1.779353088265585825e+01 1.605669817083166945e-02 2.081684860920598013e+00
1.782150813247135801e+01 1.584292404605016844e-02 2.078787323619660121e+00
1.784948538228685067e+01 1.568046211879984414e-02 2.075922127410573914e+00
1.787746263210234687e+01 1.555526544108510115e-02 2.073105864525552899e+00
1.790543988191784308e+01 1.545446875813179764e-02 2.070348195640178801e+00
1.793341713173334284e+01 1.535473135901171959e-02 2.067656180277499978e+00
1.796139438154883905e+01 1.523058914055579714e-02 2.065013815414970644e+00
1.798937163136433526e+01 1.508055804804854863e-02 2.062396829554118405e+00
1.801734888117983147e+01 1.490901704835169775e-02 2.059795031328108372e+00
1.804532613099532767e+01 1.471898523699680279e-02 2.057190457275854811e+00
1.807330338081082388e+01 1.453944778768672362e-02 2.054571453909827206e+00
1.810128063062632364e+01 1.439270710355265367e-02 2.051964605714915013e+00
1.812925788044181985e+01 1.426236397539111522e-02 2.049394359558300849e+00
1.815723513025731606e+01 1.412831743564766686e-02 2.046856806443813070e+00
1.818521238007281227e+01 1.398288290329552375e-02 2.044339167147835479e+00
1.821318962988830847e+01 1.382988071380083367e-02 2.041825914723141455e+00
1.824116687970380468e+01 1.368562866993487150e-02 2.039310358360469699e+00
1.826914412951930444e+01 1.356669362586198323e-02 2.036800620154075592e+00
1.829712137933480065e+01 1.347894874701432641e-02 2.034316798768797785e+00
1.832509862915029686e+01 1.340937083313249213e-02 2.031875865543463000e+00
1.835307587896579307e+01 1.334101091692171948e-02 2.029477772035017225e+00
1.838105312878128927e+01 1.326656047146493496e-02 2.027115842757335695e+00
1.840903037859678548e+01 1.318277726890393874e-02 2.024786711747406542e+00
1.843700762841228524e+01 1.308549304212672584e-02 2.022486618490286325e+00
1.846498487822778145e+01 1.297241486068938417e-02 2.020211508629219388e+00
1.849296212804327411e+01 1.284016734963200346e-02 2.017956680972653682e+00
1.852093937785877031e+01 1.268898253388051414e-02 2.015714518997027582e+00
1.854891662767427007e+01 1.252227239071804742e-02 2.013482238162066729e+00
1.857689387748976628e+01 1.233732339161488709e-02 2.011257449205834824e+00
1.860487112730526249e+01 1.213491135268630720e-02 2.009028771751941278e+00
1.863284837712075870e+01 1.192820344544204443e-02 2.006789086419748180e+00
1.866082562693625491e+01 1.172961619304596116e-02 2.004544871895016733e+00
1.868880287675175111e+01 1.154133209640034394e-02 2.002307762133954228e+00
1.871678012656725087e+01 1.135305064711855834e-02 2.000086008312846442e+00
1.874475737638274708e+01 1.115233627311270660e-02 1.997867275358940375e+00
1.877273462619824329e+01 1.095219764104733012e-02 1.995635965348193652e+00
1.880071187601373950e+01 1.076882926836547801e-02 1.993399743022838511e+00
1.882868912582923215e+01 1.060164163435238852e-02 1.991172135619676986e+00
1.885666637564472836e+01 1.043987745523237108e-02 1.988955010833579173e+00
1.888464362546023168e+01 1.028200864342209732e-02 1.986736974155170810e+00
1.891262087527572433e+01 1.014103521318500227e-02 1.984513424095239564e+00
1.894059812509122054e+01 1.002743552485887632e-02 1.982293513123913886e+00
1.896857537490671675e+01 9.942044254142396939e-03 1.980088407526661598e+00
1.899655262472221295e+01 9.881899317289544876e-03 1.977906843154189964e+00
1.902452987453770916e+01 9.840068339634900491e-03 1.975755755697845117e+00
1.905250712435320537e+01 9.808156163938907754e-03 1.973637182321474448e+00
1.908048437416870513e+01 9.776972467223150887e-03 1.971551206394322797e+00
1.910846162398419779e+01 9.735341874036282372e-03 1.969488314524988626e+00
1.913643887379969399e+01 9.688086692442875875e-03 1.967430670764132472e+00
1.916441612361519375e+01 9.653357025475222189e-03 1.965376472192033930e+00
1.919239337343068996e+01 9.639576626622074068e-03 1.963338325840714216e+00
1.922037062324618617e+01 9.644460112667598006e-03 1.961327621534948662e+00
1.924834787306168238e+01 9.661356974425326302e-03 1.959351980454463016e+00
1.927632512287717859e+01 9.681658342555387806e-03 1.957414744520269867e+00
1.930430237269267479e+01 9.697346908047922362e-03 1.955517458918062168e+00
1.933227962250817455e+01 9.695488160489169199e-03 1.953660141225960212e+00
1.936025687232367076e+01 9.662433341039279935e-03 1.951830522766500042e+00
1.938823412213916697e+01 9.596437164932277233e-03 1.950011448482892318e+00
1.941621137195466318e+01 9.501635438791612015e-03 1.948187378168714456e+00
1.944418862177015939e+01 9.392967908245010780e-03 1.946343698830167224e+00
1.947216587158565559e+01 9.293245130552787656e-03 1.944480653018266558e+00
1.950014312140115535e+01 9.217197344401977313e-03 1.942613464220262820e+00
1.952812037121665156e+01 9.163704201071940295e-03 1.940759322375866347e+00
1.955609762103214777e+01 9.125861647322926901e-03 1.938924917314198915e+00
1.958407487084764043e+01 9.099680823857574791e-03 1.937115566872346539e+00
1.961205212066314019e+01 9.076164202252951646e-03 1.935334566597857631e+00
1.964002937047863639e+01 9.049029414515295452e-03 1.933578137589509582e+00
1.966800662029413260e+01 9.016003296867795835e-03 1.931844966210252590e+00
1.969598387010963236e+01 8.969958336614163724e-03 1.930133067143366521e+00
1.972396111992512857e+01 8.906285379640681635e-03 1.928430687062868687e+00
1.975193836974062123e+01 8.834373715247182193e-03 1.926726318492358203e+00
1.977991561955612099e+01 8.767356526642807943e-03 1.925022029210522456e+00
1.980789286937161719e+01 8.710934872258416575e-03 1.923325987887039012e+00
1.983587011918711340e+01 8.666401208280209711e-03 1.921647772905787921e+00
1.986384736900261316e+01 8.626928049887950395e-03 1.919997839427541653e+00
1.989182461881810582e+01 8.579650489405695954e-03 1.918377772914529933e+00
1.991980186863360203e+01 8.515156877245322678e-03 1.916782563041352194e+00
1.994777911844910179e+01 8.425205305958799809e-03 1.915202863658130195e+00
1.997575636826459800e+01 8.310681566185678520e-03 1.913622775422520794e+00
2.000373361808009420e+01 8.183458648672434568e-03 1.912034463131217166e+00
2.003171086789559041e+01 8.051885438785153989e-03 1.910440014634883887e+00
2.005968811771108662e+01 7.918329039823032017e-03 1.908840648764462911e+00
2.008766536752658283e+01 7.787665447859085793e-03 1.907234244693199798e+00
2.011564261734207903e+01 7.668767783065718116e-03 1.905624062702815813e+00
2.014361986715757880e+01 7.565581684381301672e-03 1.904020054691671460e+00
2.017159711697307500e+01 7.473345083880239721e-03 1.902431542436506806e+00
2.019957436678857121e+01 7.383589603487871952e-03 1.900859768309474118e+00
2.022755161660406742e+01 7.293234253313504722e-03 1.899300987346855596e+00
2.025552886641956363e+01 7.202776624014805250e-03 1.897755069119381410e+00
2.028350611623505984e+01 7.107968913151611716e-03 1.896223858679388918e+00
2.031148336605055960e+01 7.001968667246416880e-03 1.894701440060116759e+00
2.033946061586605580e+01 6.887912272898785541e-03 1.893176379517403696e+00
2.036743786568154491e+01 6.777423409482107378e-03 1.891646300087840071e+00
2.039541511549704822e+01 6.676979963817648508e-03 1.890118191191208608e+00
2.042339236531254443e+01 6.585641187536776624e-03 1.888597920417994569e+00
2.045136961512803708e+01 6.501781592466168887e-03 1.887087654768798473e+00
2.047934686494354040e+01 6.424765561273272467e-03 1.885589028029021286e+00
2.050732411475902950e+01 6.354251389025605129e-03 1.884104760666938105e+00
2.053530136457452571e+01 6.287219705850265530e-03 1.882639332587495495e+00
2.056327861439002547e+01 6.215817912077929025e-03 1.881194605777320339e+00
2.059125586420552168e+01 6.131181986949910123e-03 1.879765088753268865e+00
2.061923311402101788e+01 6.031520685336471885e-03 1.878338566449745173e+00
2.064721036383651409e+01 5.925631648058377575e-03 1.876906611721885110e+00
2.067518761365201030e+01 5.822647302879718940e-03 1.875470462394520865e+00
2.070316486346750651e+01 5.726987438340750206e-03 1.874033938403236288e+00
2.073114211328300271e+01 5.641274741704909237e-03 1.872601294242119518e+00
2.075911936309850248e+01 5.565615080823510530e-03 1.871177776687659389e+00
2.078709661291399868e+01 5.496681978125005259e-03 1.869767045181165432e+00
2.081507386272949489e+01 5.431023159959484994e-03 1.868368904144639409e+00
2.084305111254499110e+01 5.368041450973586211e-03 1.866982276048061884e+00
2.087102836236048731e+01 5.307608713880692525e-03 1.865608382565042245e+00
2.089900561217598352e+01 5.246708511620718114e-03 1.864247942625439691e+00
2.092698286199148328e+01 5.183700073710898783e-03 1.862898155814835421e+00
2.095496011180697948e+01 5.120202720258941811e-03 1.861558038220517908e+00
2.098293736162247214e+01 5.055848005117207812e-03 1.860229262751707857e+00
2.101091461143797190e+01 4.987666349736718727e-03 1.858911490186852644e+00
2.103889186125346811e+01 4.914115726936655985e-03 1.857601241378220358e+00
2.106686911106896432e+01 4.837365394424841467e-03 1.856295025134306442e+00
2.109484636088446408e+01 4.761260371138564124e-03 1.854993035272058943e+00
2.112282361069996028e+01 4.686690424107757894e-03 1.853698237612511956e+00
2.115080086051545294e+01 4.611545937354562773e-03 1.852411552268186767e+00
2.117877811033095270e+01 4.535211115790529005e-03 1.851131338429562900e+00
2.120675536014644891e+01 4.458918490822564966e-03 1.849857343334253112e+00
2.123473260996194512e+01 4.382512392852238453e-03 1.848590533872858321e+00
2.126270985977744132e+01 4.304947251501533081e-03 1.847330811350731850e+00
2.129068710959293753e+01 4.225398448407684249e-03 1.846077245806986733e+00
2.131866435940843374e+01 4.143909332973720952e-03 1.844828020578951566e+00
2.134664160922392995e+01 4.062186236230129824e-03 1.843582187632676561e+00
2.137461885903942971e+01 3.981087354983993930e-03 1.842340646798603654e+00
2.140259610885492592e+01 3.899554108583890098e-03 1.841103453626522501e+00
2.143057335867042212e+01 3.817186350052063915e-03 1.839868274333246845e+00
2.145855060848591833e+01 3.736465272735197719e-03 1.838632589808590900e+00
2.148652785830141454e+01 3.661595916336720172e-03 1.837396365795775699e+00
2.151450510811691075e+01 3.595921173655061871e-03 1.836162471848540978e+00
2.154248235793241051e+01 3.540200408661711099e-03 1.834934974110123296e+00
2.157045960774790672e+01 3.492919661342781899e-03 1.833717007505279550e+00
2.159843685756340292e+01 3.451859325379353933e-03 1.832509977269676682e+00
2.162641410737889913e+01 3.415178688179506487e-03 1.831314113945452071e+00
2.165439135719439534e+01 3.381607448000270577e-03 1.830129158613404528e+00
2.168236860700989155e+01 3.350307361838257558e-03 1.828954716877592812e+00
2.171034585682539131e+01 3.320720883191850478e-03 1.827790392193135105e+00
2.173832310664088752e+01 3.292467672537594502e-03 1.826635826358594006e+00
2.176630035645638017e+01 3.265280601888621587e-03 1.825490706686769382e+00
2.179427760627187638e+01 3.238966689280255076e-03 1.824354762498389348e+00
2.182225485608737614e+01 3.213382881415408412e-03 1.823227758979914848e+00
2.185023210590287235e+01 3.188420667487318425e-03 1.822109491094010325e+00
2.187820935571836856e+01 3.163996039894008318e-03 1.820999778317180962e+00
2.190618660553386476e+01 3.140042771406858103e-03 1.819898460314982369e+00
2.193416385534936097e+01 3.116507802827936640e-03 1.818805393455846353e+00
2.196214110516485718e+01 3.093348007382651886e-03 1.817720448016939994e+00
2.199011835498035694e+01 3.070527874473745131e-03 1.816643505942944659e+00
2.201809560479585315e+01 3.048017820818708229e-03 1.815574459040784960e+00
2.204607285461134936e+01 3.025792938354477258e-03 1.814513207517082449e+00
2.207405010442684556e+01 3.003832051687087452e-03 1.813459658785389284e+00
2.210202735424233822e+01 2.982116998720740157e-03 1.812413726486732157e+00
2.213000460405783443e+01 2.960632074668270632e-03 1.811375329679613788e+00
2.215798185387333774e+01 2.939363597267809821e-03 1.810344392165666338e+00
2.218595910368883040e+01 2.918299563188500242e-03 1.809320841924591194e+00
2.221393635350432660e+01 2.897429373819478387e-03 1.808304610637475829e+00
2.224191360331982281e+01 2.876743614426626513e-03 1.807295633282482328e+00
2.226989085313531902e+01 2.856233874790461546e-03 1.806293847789731011e+00
2.229786810295081523e+01 2.835892602407393947e-03 1.805299194745241476e+00
2.232584535276631144e+01 2.815712981475395910e-03 1.804311617135602175e+00
2.235382260258181120e+01 2.795688832400485945e-03 1.803331060126640351e+00
2.238179985239730385e+01 2.775814527896753366e-03 1.802357470870722622e+00
2.240977710221280006e+01 2.756084922459956735e-03 1.801390798338214250e+00
2.243775435202829982e+01 2.736495292759686965e-03 1.800430993169440885e+00
2.246573160184379603e+01 2.717041287046591258e-03 1.799478007544141001e+00
2.249370885165929224e+01 2.697718881904435755e-03 1.798531795065916317e+00
2.252168610147478844e+01 2.678524345200051105e-03 1.797592310659566373e+00
2.254966335129028465e+01 2.659454204151054900e-03 1.796659510479546196e+00
2.257764060110578086e+01 2.640505217703213552e-03 1.795733351828106672e+00
2.260561785092128062e+01 2.621674352537385622e-03 1.794813793081803999e+00
2.263359510073677683e+01 2.602958762150453693e-03 1.793900793625405665e+00
2.266157235055227304e+01 2.584355768539828117e-03 1.792994313792165784e+00
2.268954960036776924e+01 2.565862846170204135e-03 1.792094314809821398e+00
2.271752685018326545e+01 2.547477607773069100e-03 1.791200758751509969e+00
2.274550409999876166e+01 2.529197791895352633e-03 1.790313608491178821e+00
2.277348134981426142e+01 2.511021251757871928e-03 1.789432827662841730e+00
2.280145859962975763e+01 2.492945945458296605e-03 1.788558380623377353e+00
2.282943584944525384e+01 2.474969927137271510e-03 1.787690232418375214e+00
2.285741309926075004e+01 2.457091339211942612e-03 1.786828348750820972e+00
2.288539034907624625e+01 2.439308405263312766e-03 1.785972695952215084e+00
2.291336759889174246e+01 2.421619423787453335e-03 1.785123240956000945e+00
2.294134484870723867e+01 2.404022762486596448e-03 1.784279951272908393e+00
2.296932209852273843e+01 2.386516853169046246e-03 1.783442794968225886e+00
2.299729934833823464e+01 2.369100187098819362e-03 1.782611740640636100e+00
2.302527659815372729e+01 2.351771310812357518e-03 1.781786757402569643e+00
2.305325384796922705e+01 2.334528822299520353e-03 1.780967814861933451e+00
2.308123109778472326e+01 2.317371367553643698e-03 1.780154883105036223e+00
2.310920834760021947e+01 2.300297637402878501e-03 1.779347932680641620e+00
2.313718559741571923e+01 2.283306364635613508e-03 1.778546934585087946e+00
2.316516284723121188e+01 2.266396321370035133e-03 1.777751860248277360e+00
2.319314009704670809e+01 2.249566316620399322e-03 1.776962681520584786e+00
2.322111734686220785e+01 2.232815194106563261e-03 1.776179370660522450e+00
2.324909459667770406e+01 2.216141830204137672e-03 1.775401900323125393e+00
2.327707184649320027e+01 2.199545132075242469e-03 1.774630243549037756e+00
2.330504909630869648e+01 2.183024035934714828e-03 1.773864373754173496e+00
2.333302634612419268e+01 2.166577505465895961e-03 1.773104264719970846e+00
2.336100359593968889e+01 2.150204530327817429e-03 1.772349890584163923e+00
2.338898084575518865e+01 2.133904124815660247e-03 1.771601225832041271e+00
2.341695809557068486e+01 2.117675326570189580e-03 1.770858245288146504e+00
2.344493534538618107e+01 2.101517195407520688e-03 1.770120924108421923e+00
2.347291259520167728e+01 2.085428812234346469e-03 1.769389237772716283e+00
2.350088984501717349e+01 2.069409278022777462e-03 1.768663162077653173e+00
2.352886709483266969e+01 2.053457712867928168e-03 1.767942673129859532e+00
2.355684434464816590e+01 2.037573255106925156e-03 1.767227747339520816e+00
2.358482159446366566e+01 2.021755060468000912e-03 1.766518361414142646e+00
2.361279884427916187e+01 2.006002301322594699e-03 1.765814492352713483e+00
2.364077609409465097e+01 1.990314165955424288e-03 1.765116117440042487e+00
2.366875334391015429e+01 1.974689857882253475e-03 1.764423214241351623e+00
2.369673059372565049e+01 1.959128595211759739e-03 1.763735760597098690e+00
2.372470784354114315e+01 1.943629610054386234e-03 1.763053734618046153e+00
2.375268509335664646e+01 1.928192147946161195e-03 1.762377114680464985e+00
2.378066234317213556e+01 1.912815467336472473e-03 1.761705879421581189e+00
2.380863959298763177e+01 1.897498839075860725e-03 1.761040007735185320e+00
2.383661684280313153e+01 1.882241545944710655e-03 1.760379478767395423e+00
2.386459409261862774e+01 1.867042882219289556e-03 1.759724271912588733e+00
2.389257134243412395e+01 1.851902153242382214e-03 1.759074366809493029e+00
2.392054859224962016e+01 1.836818675036109520e-03 1.758429743337399209e+00
2.394852584206511636e+01 1.821791773910166326e-03 1.757790381612507780e+00
2.397650309188061257e+01 1.806820786118349450e-03 1.757156261984433865e+00
2.400448034169610878e+01 1.791905057513986516e-03 1.756527365032788168e+00
2.403245759151160854e+01 1.777043943226285774e-03 1.755903671563918245e+00
2.406043484132710475e+01 1.762236807373868857e-03 1.755285162607690630e+00
2.408841209114260096e+01 1.747483022744035584e-03 1.754671819414471479e+00
2.411638934095809716e+01 1.732781970549944744e-03 1.754063623452108089e+00
2.414436659077359337e+01 1.718133040142256433e-03 1.753460556403071635e+00
2.417234384058908958e+01 1.703535628769331902e-03 1.752862600161663176e+00
2.420032109040458934e+01 1.688989141336116320e-03 1.752269736831290947e+00
2.422829834022008555e+01 1.674492990182837714e-03 1.751681948721868221e+00
2.425627559003557820e+01 1.660046594859185438e-03 1.751099218347236697e+00
2.428425283985107797e+01 1.645649381912431481e-03 1.750521528422710471e+00
2.431223008966657417e+01 1.631300784707599705e-03 1.749948861862670402e+00
2.434020733948207038e+01 1.617000243205712244e-03 1.749381201778214434e+00
2.436818458929757014e+01 1.602747203815862260e-03 1.748818531474906735e+00
2.439616183911306635e+01 1.588541119189740931e-03 1.748260834450534151e+00
2.442413908892855900e+01 1.574381448080898471e-03 1.747708094392997680e+00
2.445211633874405877e+01 1.560267655155920781e-03 1.747160295178185496e+00
2.448009358855955497e+01 1.546199210863214964e-03 1.746617420867944581e+00
2.450807083837505118e+01 1.532175591265622387e-03 1.746079455708107631e+00
2.453604808819054739e+01 1.518196277910148322e-03 1.745546384126537731e+00
2.456402533800604360e+01 1.504260757683425218e-03 1.745018190731260521e+00
2.459200258782153981e+01 1.490368522683372656e-03 1.744494860308610118e+00
2.461997983763703601e+01 1.476519070089155321e-03 1.743976377821441215e+00
2.464795708745253577e+01 1.462711902028039721e-03 1.743462728407388473e+00
2.467593433726803198e+01 1.448946525485221310e-03 1.742953897377141015e+00
2.470391158708352819e+01 1.435222452148365293e-03 1.742449870212785967e+00
2.473188883689902440e+01 1.421539198335829840e-03 1.741950632566182877e+00
2.475986608671452061e+01 1.407896284862701630e-03 1.741456170257363212e+00
2.478784333653001681e+01 1.394293236949823919e-03 1.740966469272987593e+00
2.481582058634551657e+01 1.380729584119703805e-03 1.740481515764819909e+00
2.484379783616101278e+01 1.367204860095356600e-03 1.740001296048248491e+00
2.487177508597650899e+01 1.353718602720194132e-03 1.739525796600832841e+00
2.489975233579200520e+01 1.340270353848759281e-03 1.739055004060885645e+00
2.492772958560750141e+01 1.326859659272978118e-03 1.738588905226089665e+00
2.495570683542299761e+01 1.313486068630920819e-03 1.738127487052131048e+00
2.498368408523849737e+01 1.300149135323487668e-03 1.737670736651386383e+00
2.501166133505399358e+01 1.286848416434912320e-03 1.737218641291603749e+00
2.503963858486948624e+01 1.273583472652321585e-03 1.736771188394647725e+00
2.506761583468498600e+01 1.260353868196464671e-03 1.736328365535259710e+00
2.509559308450048221e+01 1.247159170739958267e-03 1.735890160439810703e+00
2.512357033431597841e+01 1.233998951334813700e-03 1.735456560985142893e+00
2.515154758413147462e+01 1.220872784355850902e-03 1.735027555197370841e+00
2.517952483394697083e+01 1.207780247415087861e-03 1.734603131250768371e+00
2.520750208376246704e+01 1.194720921309342428e-03 1.734183277466612161e+00
2.523547933357796325e+01 1.181694389939794490e-03 1.733767982312115929e+00
2.526345658339346301e+01 1.168700240271169010e-03 1.733357234399331759e+00
2.529143383320895921e+01 1.155738062252240159e-03 1.732951022484111814e+00
2.531941108302445542e+01 1.142807448762083291e-03 1.732549335465055407e+00
2.534738833283995163e+01 1.129907995557594786e-03 1.732152162382515126e+00
2.537536558265544429e+01 1.117039301197776365e-03 1.731759492417607404e+00
2.540334283247094049e+01 1.104200967018070280e-03 1.731371314891207103e+00
2.543132008228644381e+01 1.091392597044704531e-03 1.730987619263036237e+00
2.545929733210193646e+01 1.078613797963568020e-03 1.730608395130698529e+00
2.548727458191743267e+01 1.065864179060670505e-03 1.730233632228773910e+00
2.551525183173292888e+01 1.053143352164327739e-03 1.729863320427921458e+00
2.554322908154842509e+01 1.040450931617485251e-03 1.729497449733989889e+00
2.557120633136392129e+01 1.027786534196252705e-03 1.729136010287163572e+00
2.559918358117942105e+01 1.015149779094135039e-03 1.728778992361111211e+00
2.562716083099491726e+01 1.002540287857401008e-03 1.728426386362145406e+00
2.565513808081040992e+01 9.899576843395057127e-04 1.728078182828420850e+00
2.568311533062590613e+01 9.774015946660218578e-04 1.727734372429132748e+00
2.571109258044140589e+01 9.648716471812612307e-04 1.727394945963722117e+00
2.573906983025690209e+01 9.523674724146027415e-04 1.727059894361124393e+00
2.576704708007239830e+01 9.398887030295757956e-04 1.726729208678997818e+00
2.579502432988789806e+01 9.274349737884656462e-04 1.726402880103001136e+00
2.582300157970339072e+01 9.150059215020528176e-04 1.726080899946056846e+00
2.585097882951888693e+01 9.026011850116281423e-04 1.725763259647639103e+00
2.587895607933438669e+01 8.902204051198450577e-04 1.725449950773088492e+00
2.590693332914988289e+01 8.778632245782362099e-04 1.725140965012916361e+00
2.593491057896537910e+01 8.655292880333408578e-04 1.724836294182143570e+00
2.596288782878087531e+01 8.532182419944294750e-04 1.724535930219627922e+00
2.599086507859637152e+01 8.409297348077994852e-04 1.724239865187451537e+00
2.601884232841186773e+01 8.286634165969071356e-04 1.723948091270244065e+00
2.604681957822736749e+01 8.164189392492272922e-04 1.723660600774608698e+00
2.607479682804286369e+01 8.041959563733029875e-04 1.723377386128479571e+00
2.610277407785835990e+01 7.919941232592437068e-04 1.723098439880551336e+00
2.613075132767385611e+01 7.798130968595907379e-04 1.722823754699678300e+00
2.615872857748935232e+01 7.676525357340476885e-04 1.722553323374311773e+00
2.618670582730484853e+01 7.555121000398723951e-04 1.722287138811947171e+00
2.621468307712034473e+01 7.433914514884323995e-04 1.722025194038547813e+00
2.624266032693584449e+01 7.312902533073474282e-04 1.721767482198047983e+00
2.627063757675134070e+01 7.192081702238991474e-04 1.721513996551792047e+00
2.629861482656683336e+01 7.071448684215060837e-04 1.721264730478036631e+00
2.632659207638233312e+01 6.951000155173036243e-04 1.721019677471433695e+00
2.635456932619782933e+01 6.830732805319226402e-04 1.720778831142554921e+00
2.638254657601332553e+01 6.710643338495775106e-04 1.720542185217384779e+00
2.641052382582882530e+01 6.590728471973702216e-04 1.720309733536860453e+00
2.643850107564431795e+01 6.470984936230357067e-04 1.720081470056408879e+00
2.646647832545981416e+01 6.351409474491982732e-04 1.719857388845481783e+00
2.649445557527531392e+01 6.231998842589179946e-04 1.719637484087126911e+00
2.652243282509081013e+01 6.112749808678507842e-04 1.719421750077547717e+00
2.655041007490630633e+01 5.993659152850755196e-04 1.719210181225671707e+00
2.657838732472180254e+01 5.874723666964224832e-04 1.719002772052744765e+00
2.660636457453729875e+01 5.755940154376194091e-04 1.718799517191929915e+00
2.663434182435279496e+01 5.637305429556107271e-04 1.718600411387899651e+00
2.666231907416829472e+01 5.518816318049442424e-04 1.718405449496453130e+00
2.669029632398379093e+01 5.400469655971010556e-04 1.718214626484143803e+00
2.671827357379928713e+01 5.282262289882587144e-04 1.718027937427909713e+00
2.674625082361478334e+01 5.164191076499733031e-04 1.717845377514705341e+00
2.677422807343027955e+01 5.046252882461025246e-04 1.717666942041153444e+00
2.680220532324577576e+01 4.928444584153130739e-04 1.717492626413231083e+00
2.683018257306127197e+01 4.810763067210682351e-04 1.717322426145879710e+00
2.685815982287677173e+01 4.693205226535152605e-04 1.717156336862733390e+00
2.688613707269226794e+01 4.575767965961444195e-04 1.716994354295781733e+00
2.691411432250775704e+01 4.458448197991801286e-04 1.716836474285057257e+00
2.694209157232326035e+01 4.341242843589682631e-04 1.716682692778344732e+00
2.697006882213875656e+01 4.224148831884112646e-04 1.716533005830886971e+00
2.699804607195424921e+01 4.107163099997226041e-04 1.716387409605107051e+00
2.702602332176975253e+01 3.990282592798712297e-04 1.716245900370322541e+00
2.705400057158524163e+01 3.873504262661912455e-04 1.716108474502493708e+00
2.708197782140073784e+01 3.756825069274111390e-04 1.715975128483954837e+00
2.710995507121623760e+01 3.640241979280120434e-04 1.715845858903164656e+00
2.713793232103173381e+01 3.523751966210007715e-04 1.715720662454470080e+00
2.716590957084723001e+01 3.407352010222053883e-04 1.715599535937870623e+00
2.719388682066272622e+01 3.291039097813672361e-04 1.715482476258785915e+00
2.722186407047822243e+01 3.174810221588180662e-04 1.715369480427838766e+00
2.724984132029371864e+01 3.058662380184173283e-04 1.715260545560649774e+00
2.727781857010921485e+01 2.942592577840264412e-04 1.715155668877628159e+00
2.730579581992471461e+01 2.826597824372094163e-04 1.715054847703776364e+00
2.733377306974021081e+01 2.710675134837264573e-04 1.714958079468504870e+00
2.736175031955570702e+01 2.594821529390800271e-04 1.714865361705453228e+00
2.738972756937120323e+01 2.479034032988682067e-04 1.714776692052308649e+00
2.741770481918669944e+01 2.363309675196499096e-04 1.714692068250650792e+00
2.744568206900219565e+01 2.247645490088435050e-04 1.714611488145784346e+00
2.747365931881769541e+01 2.132038515902350136e-04 1.714534949686599585e+00
2.750163656863319162e+01 2.016485794826258565e-04 1.714462450925414494e+00
2.752961381844868782e+01 1.900984372906349448e-04 1.714393990017848646e+00
2.755759106826418403e+01 1.785531299720133998e-04 1.714329565222692420e+00
2.758556831807968024e+01 1.670123628228624315e-04 1.714269174901786208e+00
2.761354556789517645e+01 1.554758414558703118e-04 1.714212817519913390e+00
2.764152281771067621e+01 1.439432717789604214e-04 1.714160491644672213e+00
2.766950006752617242e+01 1.324143599753349642e-04 1.714112195946392747e+00
2.769747731734166507e+01 1.208888124824513929e-04 1.714067929198048290e+00
2.772545456715716483e+01 1.093663359701774966e-04 1.714027690275160776e+00
2.775343181697266104e+01 9.784663732231346550e-05 1.713991478155729720e+00
2.778140906678815725e+01 8.632942361556828913e-05 1.713959291920146288e+00
2.780938631660365701e+01 7.481440209746839155e-05 1.713931130751143339e+00
2.783736356641914966e+01 6.330128017083630162e-05 1.713906993933743017e+00
2.786534081623464942e+01 5.178976536718248849e-05 1.713886880855192363e+00
2.789331806605014208e+01 4.027956533011638397e-05 1.713870791004931338e+00
2.792129531586564184e+01 2.877038779506181027e-05 1.713858723974553966e+00
2.794927256568114160e+01 1.726194056757631120e-05 1.713850679457777471e+00
2.797724981549663426e+01 5.753931505776626213e-06 1.713846657250434724e+00
