504
l1 	l2 	Dx 	Dy 	Dz 	Real(TI) (eV) 		Imag(TI) (eV)
1	2	0	0	0	-1.2377000000	 0.0000000000
2	1	0	0	0	-1.2377000000	 -0.0000000000
1	3	0	0	0	-1.2377000000	 0.0000000000
3	1	0	0	0	-1.2377000000	 -0.0000000000
1	4	0	0	0	-1.2377000000	 0.0000000000
4	1	0	0	0	-1.2377000000	 -0.0000000000
2	3	0	0	0	-1.2377000000	 0.0000000000
3	2	0	0	0	-1.2377000000	 -0.0000000000
2	4	0	0	0	-1.2377000000	 0.0000000000
4	2	0	0	0	-1.2377000000	 -0.0000000000
3	4	0	0	0	-1.2377000000	 0.0000000000
4	3	0	0	0	-1.2377000000	 -0.0000000000
1	1	0	0	1	-0.0472440000	 0.0000000000
1	1	0	0	-1	-0.0472440000	 -0.0000000000
1	2	0	0	1	-0.0882140000	 0.0000000000
2	1	0	0	-1	-0.0882140000	 -0.0000000000
1	3	0	0	1	0.0206710000	 0.0000000000
3	1	0	0	-1	0.0206710000	 -0.0000000000
1	4	0	0	1	0.0121470000	 0.0000000000
4	1	0	0	-1	0.0121470000	 -0.0000000000
2	1	0	0	1	0.0121470000	 0.0000000000
1	2	0	0	-1	0.0121470000	 -0.0000000000
2	2	0	0	1	0.3313330000	 0.0000000000
2	2	0	0	-1	0.3313330000	 -0.0000000000
2	3	0	0	1	0.0121470000	 0.0000000000
3	2	0	0	-1	0.0121470000	 -0.0000000000
2	4	0	0	1	-0.1225640000	 0.0000000000
4	2	0	0	-1	-0.1225640000	 -0.0000000000
3	1	0	0	1	0.0206710000	 0.0000000000
1	3	0	0	-1	0.0206710000	 -0.0000000000
3	2	0	0	1	-0.0882140000	 0.0000000000
2	3	0	0	-1	-0.0882140000	 -0.0000000000
3	3	0	0	1	-0.0472440000	 0.0000000000
3	3	0	0	-1	-0.0472440000	 -0.0000000000
3	4	0	0	1	0.0121470000	 0.0000000000
4	3	0	0	-1	0.0121470000	 -0.0000000000
4	1	0	0	1	-0.0882140000	 0.0000000000
1	4	0	0	-1	-0.0882140000	 -0.0000000000
4	2	0	0	1	-1.2377000000	 0.0000000000
2	4	0	0	-1	-1.2377000000	 -0.0000000000
4	3	0	0	1	-0.0882140000	 0.0000000000
3	4	0	0	-1	-0.0882140000	 -0.0000000000
4	4	0	0	1	0.3313330000	 0.0000000000
4	4	0	0	-1	0.3313330000	 -0.0000000000
2	2	0	0	2	0.0499940000	 0.0000000000
2	2	0	0	-2	0.0499940000	 -0.0000000000
2	4	0	0	2	-0.0262580000	 0.0000000000
4	2	0	0	-2	-0.0262580000	 -0.0000000000
4	2	0	0	2	-0.1225640000	 0.0000000000
2	4	0	0	-2	-0.1225640000	 -0.0000000000
4	4	0	0	2	0.0499940000	 0.0000000000
4	4	0	0	-2	0.0499940000	 -0.0000000000
2	2	0	0	3	0.0132010000	 0.0000000000
2	2	0	0	-3	0.0132010000	 -0.0000000000
2	4	0	0	3	-0.0078030000	 0.0000000000
4	2	0	0	-3	-0.0078030000	 -0.0000000000
4	2	0	0	3	-0.0262580000	 0.0000000000
2	4	0	0	-3	-0.0262580000	 -0.0000000000
4	4	0	0	3	0.0132010000	 0.0000000000
4	4	0	0	-3	0.0132010000	 -0.0000000000
4	2	0	0	4	-0.0078030000	 0.0000000000
2	4	0	0	-4	-0.0078030000	 -0.0000000000
1	1	0	1	-2	-0.0093920000	 0.0000000000
1	1	0	-1	2	-0.0093920000	 -0.0000000000
1	4	0	1	-2	0.0121470000	 0.0000000000
4	1	0	-1	2	0.0121470000	 -0.0000000000
2	2	0	1	-2	-0.0093920000	 0.0000000000
2	2	0	-1	2	-0.0093920000	 -0.0000000000
2	4	0	1	-2	0.0121470000	 0.0000000000
4	2	0	-1	2	0.0121470000	 -0.0000000000
3	4	0	1	-2	-0.0154410000	 0.0000000000
4	3	0	-1	2	-0.0154410000	 -0.0000000000
4	4	0	1	-2	0.0086470000	 0.0000000000
4	4	0	-1	2	0.0086470000	 -0.0000000000
1	1	0	1	-1	0.3313330000	 0.0000000000
1	1	0	-1	1	0.3313330000	 -0.0000000000
1	2	0	1	-1	-0.0882140000	 0.0000000000
2	1	0	-1	1	-0.0882140000	 -0.0000000000
1	3	0	1	-1	-0.0882140000	 0.0000000000
3	1	0	-1	1	-0.0882140000	 -0.0000000000
1	4	0	1	-1	-1.2377000000	 0.0000000000
4	1	0	-1	1	-1.2377000000	 -0.0000000000
2	1	0	1	-1	0.0121470000	 0.0000000000
1	2	0	-1	1	0.0121470000	 -0.0000000000
2	2	0	1	-1	-0.0472440000	 0.0000000000
2	2	0	-1	1	-0.0472440000	 -0.0000000000
2	3	0	1	-1	0.0206710000	 0.0000000000
3	2	0	-1	1	0.0206710000	 -0.0000000000
2	4	0	1	-1	-0.0882140000	 0.0000000000
4	2	0	-1	1	-0.0882140000	 -0.0000000000
3	1	0	1	-1	0.0121470000	 0.0000000000
1	3	0	-1	1	0.0121470000	 -0.0000000000
3	2	0	1	-1	0.0206710000	 0.0000000000
2	3	0	-1	1	0.0206710000	 -0.0000000000
3	3	0	1	-1	-0.0472440000	 0.0000000000
3	3	0	-1	1	-0.0472440000	 -0.0000000000
3	4	0	1	-1	-0.0882140000	 0.0000000000
4	3	0	-1	1	-0.0882140000	 -0.0000000000
4	1	0	1	-1	-0.1225640000	 0.0000000000
1	4	0	-1	1	-0.1225640000	 -0.0000000000
4	2	0	1	-1	0.0121470000	 0.0000000000
2	4	0	-1	1	0.0121470000	 -0.0000000000
4	3	0	1	-1	0.0121470000	 0.0000000000
3	4	0	-1	1	0.0121470000	 -0.0000000000
4	4	0	1	-1	0.3313330000	 0.0000000000
4	4	0	-1	1	0.3313330000	 -0.0000000000
1	1	0	1	0	0.3313330000	 0.0000000000
1	1	0	-1	0	0.3313330000	 -0.0000000000
1	2	0	1	0	-1.2377000000	 0.0000000000
2	1	0	-1	0	-1.2377000000	 -0.0000000000
1	3	0	1	0	-0.0882140000	 0.0000000000
3	1	0	-1	0	-0.0882140000	 -0.0000000000
1	4	0	1	0	-0.0882140000	 0.0000000000
4	1	0	-1	0	-0.0882140000	 -0.0000000000
2	1	0	1	0	-0.1225640000	 0.0000000000
1	2	0	-1	0	-0.1225640000	 -0.0000000000
2	2	0	1	0	0.3313330000	 0.0000000000
2	2	0	-1	0	0.3313330000	 -0.0000000000
2	3	0	1	0	0.0121470000	 0.0000000000
3	2	0	-1	0	0.0121470000	 -0.0000000000
2	4	0	1	0	0.0121470000	 0.0000000000
4	2	0	-1	0	0.0121470000	 -0.0000000000
3	1	0	1	0	0.0121470000	 0.0000000000
1	3	0	-1	0	0.0121470000	 -0.0000000000
3	2	0	1	0	-0.0882140000	 0.0000000000
2	3	0	-1	0	-0.0882140000	 -0.0000000000
3	3	0	1	0	-0.0472440000	 0.0000000000
3	3	0	-1	0	-0.0472440000	 -0.0000000000
3	4	0	1	0	0.0206710000	 0.0000000000
4	3	0	-1	0	0.0206710000	 -0.0000000000
4	1	0	1	0	0.0121470000	 0.0000000000
1	4	0	-1	0	0.0121470000	 -0.0000000000
4	2	0	1	0	-0.0882140000	 0.0000000000
2	4	0	-1	0	-0.0882140000	 -0.0000000000
4	3	0	1	0	0.0206710000	 0.0000000000
3	4	0	-1	0	0.0206710000	 -0.0000000000
4	4	0	1	0	-0.0472440000	 0.0000000000
4	4	0	-1	0	-0.0472440000	 -0.0000000000
1	1	0	1	1	-0.0093920000	 0.0000000000
1	1	0	-1	-1	-0.0093920000	 -0.0000000000
1	2	0	1	1	0.0121470000	 0.0000000000
2	1	0	-1	-1	0.0121470000	 -0.0000000000
2	2	0	1	1	0.0086470000	 0.0000000000
2	2	0	-1	-1	0.0086470000	 -0.0000000000
3	2	0	1	1	-0.0154410000	 0.0000000000
2	3	0	-1	-1	-0.0154410000	 -0.0000000000
4	2	0	1	1	0.0121470000	 0.0000000000
2	4	0	-1	-1	0.0121470000	 -0.0000000000
4	4	0	1	1	-0.0093920000	 0.0000000000
4	4	0	-1	-1	-0.0093920000	 -0.0000000000
1	1	0	2	-2	0.0499940000	 0.0000000000
1	1	0	-2	2	0.0499940000	 -0.0000000000
1	4	0	2	-2	-0.1225640000	 0.0000000000
4	1	0	-2	2	-0.1225640000	 -0.0000000000
4	1	0	2	-2	-0.0262580000	 0.0000000000
1	4	0	-2	2	-0.0262580000	 -0.0000000000
4	4	0	2	-2	0.0499940000	 0.0000000000
4	4	0	-2	2	0.0499940000	 -0.0000000000
1	1	0	2	-1	0.0086470000	 0.0000000000
1	1	0	-2	1	0.0086470000	 -0.0000000000
1	2	0	2	-1	0.0121470000	 0.0000000000
2	1	0	-2	1	0.0121470000	 -0.0000000000
1	3	0	2	-1	-0.0154410000	 0.0000000000
3	1	0	-2	1	-0.0154410000	 -0.0000000000
1	4	0	2	-1	0.0121470000	 0.0000000000
4	1	0	-2	1	0.0121470000	 -0.0000000000
2	2	0	2	-1	-0.0093920000	 0.0000000000
2	2	0	-2	1	-0.0093920000	 -0.0000000000
4	4	0	2	-1	-0.0093920000	 0.0000000000
4	4	0	-2	1	-0.0093920000	 -0.0000000000
1	1	0	2	0	0.0499940000	 0.0000000000
1	1	0	-2	0	0.0499940000	 -0.0000000000
1	2	0	2	0	-0.1225640000	 0.0000000000
2	1	0	-2	0	-0.1225640000	 -0.0000000000
2	1	0	2	0	-0.0262580000	 0.0000000000
1	2	0	-2	0	-0.0262580000	 -0.0000000000
2	2	0	2	0	0.0499940000	 0.0000000000
2	2	0	-2	0	0.0499940000	 -0.0000000000
1	1	0	3	-3	0.0132010000	 0.0000000000
1	1	0	-3	3	0.0132010000	 -0.0000000000
1	4	0	3	-3	-0.0262580000	 0.0000000000
4	1	0	-3	3	-0.0262580000	 -0.0000000000
4	1	0	3	-3	-0.0078030000	 0.0000000000
1	4	0	-3	3	-0.0078030000	 -0.0000000000
4	4	0	3	-3	0.0132010000	 0.0000000000
4	4	0	-3	3	0.0132010000	 -0.0000000000
1	1	0	3	0	0.0132010000	 0.0000000000
1	1	0	-3	0	0.0132010000	 -0.0000000000
1	2	0	3	0	-0.0262580000	 0.0000000000
2	1	0	-3	0	-0.0262580000	 -0.0000000000
2	1	0	3	0	-0.0078030000	 0.0000000000
1	2	0	-3	0	-0.0078030000	 -0.0000000000
2	2	0	3	0	0.0132010000	 0.0000000000
2	2	0	-3	0	0.0132010000	 -0.0000000000
1	4	0	4	-4	-0.0078030000	 0.0000000000
4	1	0	-4	4	-0.0078030000	 -0.0000000000
1	2	0	4	0	-0.0078030000	 0.0000000000
2	1	0	-4	0	-0.0078030000	 -0.0000000000
1	1	1	-2	0	0.0086470000	 0.0000000000
1	1	-1	2	0	0.0086470000	 -0.0000000000
2	1	1	-2	0	0.0121470000	 0.0000000000
1	2	-1	2	0	0.0121470000	 -0.0000000000
2	2	1	-2	0	-0.0093920000	 0.0000000000
2	2	-1	2	0	-0.0093920000	 -0.0000000000
3	1	1	-2	0	0.0121470000	 0.0000000000
1	3	-1	2	0	0.0121470000	 -0.0000000000
3	3	1	-2	0	-0.0093920000	 0.0000000000
3	3	-1	2	0	-0.0093920000	 -0.0000000000
4	1	1	-2	0	-0.0154410000	 0.0000000000
1	4	-1	2	0	-0.0154410000	 -0.0000000000
1	1	1	-2	1	0.0086470000	 0.0000000000
1	1	-1	2	-1	0.0086470000	 -0.0000000000
2	1	1	-2	1	-0.0154410000	 0.0000000000
1	2	-1	2	-1	-0.0154410000	 -0.0000000000
3	1	1	-2	1	0.0121470000	 0.0000000000
1	3	-1	2	-1	0.0121470000	 -0.0000000000
3	3	1	-2	1	-0.0093920000	 0.0000000000
3	3	-1	2	-1	-0.0093920000	 -0.0000000000
4	1	1	-2	1	0.0121470000	 0.0000000000
1	4	-1	2	-1	0.0121470000	 -0.0000000000
4	4	1	-2	1	-0.0093920000	 0.0000000000
4	4	-1	2	-1	-0.0093920000	 -0.0000000000
1	4	1	-1	-1	-0.0154410000	 0.0000000000
4	1	-1	1	1	-0.0154410000	 -0.0000000000
2	1	1	-1	-1	0.0206710000	 0.0000000000
1	2	-1	1	1	0.0206710000	 -0.0000000000
2	3	1	-1	-1	-0.0154410000	 0.0000000000
3	2	-1	1	1	-0.0154410000	 -0.0000000000
2	4	1	-1	-1	0.0206710000	 0.0000000000
4	2	-1	1	1	0.0206710000	 -0.0000000000
3	1	1	-1	-1	0.0206710000	 0.0000000000
1	3	-1	1	1	0.0206710000	 -0.0000000000
3	2	1	-1	-1	-0.0154410000	 0.0000000000
2	3	-1	1	1	-0.0154410000	 -0.0000000000
3	4	1	-1	-1	0.0206710000	 0.0000000000
4	3	-1	1	1	0.0206710000	 -0.0000000000
4	1	1	-1	-1	-0.0154410000	 0.0000000000
1	4	-1	1	1	-0.0154410000	 -0.0000000000
1	1	1	-1	0	0.3313330000	 0.0000000000
1	1	-1	1	0	0.3313330000	 -0.0000000000
1	2	1	-1	0	0.0121470000	 0.0000000000
2	1	-1	1	0	0.0121470000	 -0.0000000000
1	3	1	-1	0	-0.1225640000	 0.0000000000
3	1	-1	1	0	-0.1225640000	 -0.0000000000
1	4	1	-1	0	0.0121470000	 0.0000000000
4	1	-1	1	0	0.0121470000	 -0.0000000000
2	1	1	-1	0	-0.0882140000	 0.0000000000
1	2	-1	1	0	-0.0882140000	 -0.0000000000
2	2	1	-1	0	-0.0472440000	 0.0000000000
2	2	-1	1	0	-0.0472440000	 -0.0000000000
2	3	1	-1	0	0.0121470000	 0.0000000000
3	2	-1	1	0	0.0121470000	 -0.0000000000
2	4	1	-1	0	0.0206710000	 0.0000000000
4	2	-1	1	0	0.0206710000	 -0.0000000000
3	1	1	-1	0	-1.2377000000	 0.0000000000
1	3	-1	1	0	-1.2377000000	 -0.0000000000
3	2	1	-1	0	-0.0882140000	 0.0000000000
2	3	-1	1	0	-0.0882140000	 -0.0000000000
3	3	1	-1	0	0.3313330000	 0.0000000000
3	3	-1	1	0	0.3313330000	 -0.0000000000
3	4	1	-1	0	-0.0882140000	 0.0000000000
4	3	-1	1	0	-0.0882140000	 -0.0000000000
4	1	1	-1	0	-0.0882140000	 0.0000000000
1	4	-1	1	0	-0.0882140000	 -0.0000000000
4	2	1	-1	0	0.0206710000	 0.0000000000
2	4	-1	1	0	0.0206710000	 -0.0000000000
4	3	1	-1	0	0.0121470000	 0.0000000000
3	4	-1	1	0	0.0121470000	 -0.0000000000
4	4	1	-1	0	-0.0472440000	 0.0000000000
4	4	-1	1	0	-0.0472440000	 -0.0000000000
1	2	1	-1	1	-0.0154410000	 0.0000000000
2	1	-1	1	-1	-0.0154410000	 -0.0000000000
2	1	1	-1	1	-0.0154410000	 0.0000000000
1	2	-1	1	-1	-0.0154410000	 -0.0000000000
3	1	1	-1	1	0.0206710000	 0.0000000000
1	3	-1	1	-1	0.0206710000	 -0.0000000000
3	2	1	-1	1	0.0206710000	 0.0000000000
2	3	-1	1	-1	0.0206710000	 -0.0000000000
3	4	1	-1	1	-0.0154410000	 0.0000000000
4	3	-1	1	-1	-0.0154410000	 -0.0000000000
4	1	1	-1	1	0.0206710000	 0.0000000000
1	4	-1	1	-1	0.0206710000	 -0.0000000000
4	2	1	-1	1	0.0206710000	 0.0000000000
2	4	-1	1	-1	0.0206710000	 -0.0000000000
4	3	1	-1	1	-0.0154410000	 0.0000000000
3	4	-1	1	-1	-0.0154410000	 -0.0000000000
1	4	1	0	-2	-0.0154410000	 0.0000000000
4	1	-1	0	2	-0.0154410000	 -0.0000000000
2	2	1	0	-2	-0.0093920000	 0.0000000000
2	2	-1	0	2	-0.0093920000	 -0.0000000000
2	4	1	0	-2	0.0121470000	 0.0000000000
4	2	-1	0	2	0.0121470000	 -0.0000000000
3	3	1	0	-2	-0.0093920000	 0.0000000000
3	3	-1	0	2	-0.0093920000	 -0.0000000000
3	4	1	0	-2	0.0121470000	 0.0000000000
4	3	-1	0	2	0.0121470000	 -0.0000000000
4	4	1	0	-2	0.0086470000	 0.0000000000
4	4	-1	0	2	0.0086470000	 -0.0000000000
1	1	1	0	-1	-0.0472440000	 0.0000000000
1	1	-1	0	1	-0.0472440000	 -0.0000000000
1	2	1	0	-1	0.0206710000	 0.0000000000
2	1	-1	0	1	0.0206710000	 -0.0000000000
1	3	1	0	-1	0.0121470000	 0.0000000000
3	1	-1	0	1	0.0121470000	 -0.0000000000
1	4	1	0	-1	-0.0882140000	 0.0000000000
4	1	-1	0	1	-0.0882140000	 -0.0000000000
2	1	1	0	-1	0.0206710000	 0.0000000000
1	2	-1	0	1	0.0206710000	 -0.0000000000
2	2	1	0	-1	-0.0472440000	 0.0000000000
2	2	-1	0	1	-0.0472440000	 -0.0000000000
2	3	1	0	-1	0.0121470000	 0.0000000000
3	2	-1	0	1	0.0121470000	 -0.0000000000
2	4	1	0	-1	-0.0882140000	 0.0000000000
4	2	-1	0	1	-0.0882140000	 -0.0000000000
3	1	1	0	-1	-0.0882140000	 0.0000000000
1	3	-1	0	1	-0.0882140000	 -0.0000000000
3	2	1	0	-1	-0.0882140000	 0.0000000000
2	3	-1	0	1	-0.0882140000	 -0.0000000000
3	3	1	0	-1	0.3313330000	 0.0000000000
3	3	-1	0	1	0.3313330000	 -0.0000000000
3	4	1	0	-1	-1.2377000000	 0.0000000000
4	3	-1	0	1	-1.2377000000	 -0.0000000000
4	1	1	0	-1	0.0121470000	 0.0000000000
1	4	-1	0	1	0.0121470000	 -0.0000000000
4	2	1	0	-1	0.0121470000	 0.0000000000
2	4	-1	0	1	0.0121470000	 -0.0000000000
4	3	1	0	-1	-0.1225640000	 0.0000000000
3	4	-1	0	1	-0.1225640000	 -0.0000000000
4	4	1	0	-1	0.3313330000	 0.0000000000
4	4	-1	0	1	0.3313330000	 -0.0000000000
1	1	1	0	0	-0.0472440000	 0.0000000000
1	1	-1	0	0	-0.0472440000	 -0.0000000000
1	2	1	0	0	-0.0882140000	 0.0000000000
2	1	-1	0	0	-0.0882140000	 -0.0000000000
1	3	1	0	0	0.0121470000	 0.0000000000
3	1	-1	0	0	0.0121470000	 -0.0000000000
1	4	1	0	0	0.0206710000	 0.0000000000
4	1	-1	0	0	0.0206710000	 -0.0000000000
2	1	1	0	0	0.0121470000	 0.0000000000
1	2	-1	0	0	0.0121470000	 -0.0000000000
2	2	1	0	0	0.3313330000	 0.0000000000
2	2	-1	0	0	0.3313330000	 -0.0000000000
2	3	1	0	0	-0.1225640000	 0.0000000000
3	2	-1	0	0	-0.1225640000	 -0.0000000000
2	4	1	0	0	0.0121470000	 0.0000000000
4	2	-1	0	0	0.0121470000	 -0.0000000000
3	1	1	0	0	-0.0882140000	 0.0000000000
1	3	-1	0	0	-0.0882140000	 -0.0000000000
3	2	1	0	0	-1.2377000000	 0.0000000000
2	3	-1	0	0	-1.2377000000	 -0.0000000000
3	3	1	0	0	0.3313330000	 0.0000000000
3	3	-1	0	0	0.3313330000	 -0.0000000000
3	4	1	0	0	-0.0882140000	 0.0000000000
4	3	-1	0	0	-0.0882140000	 -0.0000000000
4	1	1	0	0	0.0206710000	 0.0000000000
1	4	-1	0	0	0.0206710000	 -0.0000000000
4	2	1	0	0	-0.0882140000	 0.0000000000
2	4	-1	0	0	-0.0882140000	 -0.0000000000
4	3	1	0	0	0.0121470000	 0.0000000000
3	4	-1	0	0	0.0121470000	 -0.0000000000
4	4	1	0	0	-0.0472440000	 0.0000000000
4	4	-1	0	0	-0.0472440000	 -0.0000000000
1	2	1	0	1	-0.0154410000	 0.0000000000
2	1	-1	0	-1	-0.0154410000	 -0.0000000000
2	2	1	0	1	0.0086470000	 0.0000000000
2	2	-1	0	-1	0.0086470000	 -0.0000000000
3	2	1	0	1	0.0121470000	 0.0000000000
2	3	-1	0	-1	0.0121470000	 -0.0000000000
3	3	1	0	1	-0.0093920000	 0.0000000000
3	3	-1	0	-1	-0.0093920000	 -0.0000000000
4	2	1	0	1	0.0121470000	 0.0000000000
2	4	-1	0	-1	0.0121470000	 -0.0000000000
4	4	1	0	1	-0.0093920000	 0.0000000000
4	4	-1	0	-1	-0.0093920000	 -0.0000000000
1	1	1	1	-2	-0.0093920000	 0.0000000000
1	1	-1	-1	2	-0.0093920000	 -0.0000000000
1	4	1	1	-2	0.0121470000	 0.0000000000
4	1	-1	-1	2	0.0121470000	 -0.0000000000
2	4	1	1	-2	-0.0154410000	 0.0000000000
4	2	-1	-1	2	-0.0154410000	 -0.0000000000
3	3	1	1	-2	-0.0093920000	 0.0000000000
3	3	-1	-1	2	-0.0093920000	 -0.0000000000
3	4	1	1	-2	0.0121470000	 0.0000000000
4	3	-1	-1	2	0.0121470000	 -0.0000000000
4	4	1	1	-2	0.0086470000	 0.0000000000
4	4	-1	-1	2	0.0086470000	 -0.0000000000
1	2	1	1	-1	0.0206710000	 0.0000000000
2	1	-1	-1	1	0.0206710000	 -0.0000000000
1	3	1	1	-1	-0.0154410000	 0.0000000000
3	1	-1	-1	1	-0.0154410000	 -0.0000000000
1	4	1	1	-1	0.0206710000	 0.0000000000
4	1	-1	-1	1	0.0206710000	 -0.0000000000
2	4	1	1	-1	-0.0154410000	 0.0000000000
4	2	-1	-1	1	-0.0154410000	 -0.0000000000
3	1	1	1	-1	-0.0154410000	 0.0000000000
1	3	-1	-1	1	-0.0154410000	 -0.0000000000
3	2	1	1	-1	0.0206710000	 0.0000000000
2	3	-1	-1	1	0.0206710000	 -0.0000000000
3	4	1	1	-1	0.0206710000	 0.0000000000
4	3	-1	-1	1	0.0206710000	 -0.0000000000
4	2	1	1	-1	-0.0154410000	 0.0000000000
2	4	-1	-1	1	-0.0154410000	 -0.0000000000
1	1	1	1	0	-0.0093920000	 0.0000000000
1	1	-1	-1	0	-0.0093920000	 -0.0000000000
1	2	1	1	0	0.0121470000	 0.0000000000
2	1	-1	-1	0	0.0121470000	 -0.0000000000
2	2	1	1	0	0.0086470000	 0.0000000000
2	2	-1	-1	0	0.0086470000	 -0.0000000000
3	2	1	1	0	0.0121470000	 0.0000000000
2	3	-1	-1	0	0.0121470000	 -0.0000000000
3	3	1	1	0	-0.0093920000	 0.0000000000
3	3	-1	-1	0	-0.0093920000	 -0.0000000000
4	2	1	1	0	-0.0154410000	 0.0000000000
2	4	-1	-1	0	-0.0154410000	 -0.0000000000
1	1	2	-2	0	0.0499940000	 0.0000000000
1	1	-2	2	0	0.0499940000	 -0.0000000000
1	3	2	-2	0	-0.0262580000	 0.0000000000
3	1	-2	2	0	-0.0262580000	 -0.0000000000
3	1	2	-2	0	-0.1225640000	 0.0000000000
1	3	-2	2	0	-0.1225640000	 -0.0000000000
3	3	2	-2	0	0.0499940000	 0.0000000000
3	3	-2	2	0	0.0499940000	 -0.0000000000
1	1	2	-1	-1	-0.0093920000	 0.0000000000
1	1	-2	1	1	-0.0093920000	 -0.0000000000
3	1	2	-1	-1	0.0121470000	 0.0000000000
1	3	-2	1	1	0.0121470000	 -0.0000000000
3	2	2	-1	-1	-0.0154410000	 0.0000000000
2	3	-2	1	1	-0.0154410000	 -0.0000000000
3	3	2	-1	-1	0.0086470000	 0.0000000000
3	3	-2	1	1	0.0086470000	 -0.0000000000
3	4	2	-1	-1	0.0121470000	 0.0000000000
4	3	-2	1	1	0.0121470000	 -0.0000000000
4	4	2	-1	-1	-0.0093920000	 0.0000000000
4	4	-2	1	1	-0.0093920000	 -0.0000000000
1	1	2	-1	0	-0.0093920000	 0.0000000000
1	1	-2	1	0	-0.0093920000	 -0.0000000000
2	2	2	-1	0	-0.0093920000	 0.0000000000
2	2	-2	1	0	-0.0093920000	 -0.0000000000
3	1	2	-1	0	0.0121470000	 0.0000000000
1	3	-2	1	0	0.0121470000	 -0.0000000000
3	2	2	-1	0	0.0121470000	 0.0000000000
2	3	-2	1	0	0.0121470000	 -0.0000000000
3	3	2	-1	0	0.0086470000	 0.0000000000
3	3	-2	1	0	0.0086470000	 -0.0000000000
3	4	2	-1	0	-0.0154410000	 0.0000000000
4	3	-2	1	0	-0.0154410000	 -0.0000000000
3	3	2	0	-2	0.0499940000	 0.0000000000
3	3	-2	0	2	0.0499940000	 -0.0000000000
3	4	2	0	-2	-0.1225640000	 0.0000000000
4	3	-2	0	2	-0.1225640000	 -0.0000000000
4	3	2	0	-2	-0.0262580000	 0.0000000000
3	4	-2	0	2	-0.0262580000	 -0.0000000000
4	4	2	0	-2	0.0499940000	 0.0000000000
4	4	-2	0	2	0.0499940000	 -0.0000000000
2	2	2	0	-1	-0.0093920000	 0.0000000000
2	2	-2	0	1	-0.0093920000	 -0.0000000000
3	1	2	0	-1	-0.0154410000	 0.0000000000
1	3	-2	0	1	-0.0154410000	 -0.0000000000
3	2	2	0	-1	0.0121470000	 0.0000000000
2	3	-2	0	1	0.0121470000	 -0.0000000000
3	3	2	0	-1	0.0086470000	 0.0000000000
3	3	-2	0	1	0.0086470000	 -0.0000000000
3	4	2	0	-1	0.0121470000	 0.0000000000
4	3	-2	0	1	0.0121470000	 -0.0000000000
4	4	2	0	-1	-0.0093920000	 0.0000000000
4	4	-2	0	1	-0.0093920000	 -0.0000000000
2	2	2	0	0	0.0499940000	 0.0000000000
2	2	-2	0	0	0.0499940000	 -0.0000000000
2	3	2	0	0	-0.0262580000	 0.0000000000
3	2	-2	0	0	-0.0262580000	 -0.0000000000
3	2	2	0	0	-0.1225640000	 0.0000000000
2	3	-2	0	0	-0.1225640000	 -0.0000000000
3	3	2	0	0	0.0499940000	 0.0000000000
3	3	-2	0	0	0.0499940000	 -0.0000000000
1	1	3	-3	0	0.0132010000	 0.0000000000
1	1	-3	3	0	0.0132010000	 -0.0000000000
1	3	3	-3	0	-0.0078030000	 0.0000000000
3	1	-3	3	0	-0.0078030000	 -0.0000000000
3	1	3	-3	0	-0.0262580000	 0.0000000000
1	3	-3	3	0	-0.0262580000	 -0.0000000000
3	3	3	-3	0	0.0132010000	 0.0000000000
3	3	-3	3	0	0.0132010000	 -0.0000000000
3	3	3	0	-3	0.0132010000	 0.0000000000
3	3	-3	0	3	0.0132010000	 -0.0000000000
3	4	3	0	-3	-0.0262580000	 0.0000000000
4	3	-3	0	3	-0.0262580000	 -0.0000000000
4	3	3	0	-3	-0.0078030000	 0.0000000000
3	4	-3	0	3	-0.0078030000	 -0.0000000000
4	4	3	0	-3	0.0132010000	 0.0000000000
4	4	-3	0	3	0.0132010000	 -0.0000000000
2	2	3	0	0	0.0132010000	 0.0000000000
2	2	-3	0	0	0.0132010000	 -0.0000000000
2	3	3	0	0	-0.0078030000	 0.0000000000
3	2	-3	0	0	-0.0078030000	 -0.0000000000
3	2	3	0	0	-0.0262580000	 0.0000000000
2	3	-3	0	0	-0.0262580000	 -0.0000000000
3	3	3	0	0	0.0132010000	 0.0000000000
3	3	-3	0	0	0.0132010000	 -0.0000000000
3	1	4	-4	0	-0.0078030000	 0.0000000000
1	3	-4	4	0	-0.0078030000	 -0.0000000000
3	4	4	0	-4	-0.0078030000	 0.0000000000
4	3	-4	0	4	-0.0078030000	 -0.0000000000
3	2	4	0	0	-0.0078030000	 0.0000000000
2	3	-4	0	0	-0.0078030000	 -0.0000000000
