   12.994279058416689        4.8999968457145631     
   12.996157247841538        6.0019245644778545     
   12.994479884062132        6.1476156714215833     
   12.994042348426012        5.8502758888402635     
   12.993220778389869        6.0986763012679610     
   12.992703417514898        5.9668349397886127     
   12.993435890339619        5.9809293888003179     
   12.993410555142820        6.0468621324613849     
   12.991897641575129        5.9531395539702929     
   12.994227719690967        6.0301304900933301     
   12.994913846692771        5.9951050757420159     
   12.994448462572844        5.9842019132207671     
   12.991344771853571        6.0265433289152108     
   12.991891708455817        5.9767458068113370     
   12.993787085254322        6.0118034653014867     
   12.994245363763776        6.0022519784674992     
   12.991887140218967        5.9870632126559222     
   12.993992941234559        6.0181506994275580     
   12.994264751925780        5.9875038998078987     
   12.993319636922966        6.0042064308713421     
   12.994716646620132        6.0062553461221846     
   12.994389282878863        5.9893326266408451     
   12.993744274804435        6.0126707337033771     
   12.993090176478994        5.9937187471450191     
   12.993542474502082        6.0008298890060363     
   12.994351512041060        6.0066153726342213     
   12.995612466319722        5.9904650485290913     
   12.994577876887895        6.0078436424572859     
   12.992020549481428        5.9966388580772287     
   12.992421300348900        5.9997549886174326     
   12.992993594131514        6.0062314261548106     
   12.992703611498454        5.9940133321690761     
   12.991937912096772        6.0072060032908201     
   12.992166457209985        5.9993447389697669     
   12.991882784270562        5.9972041091197372     
   12.990666325571361        6.0074969694698623     
   12.990367929252269        5.9961525858875637     
   12.989983115218692        6.0049714665671887     
   12.991352712044467        6.0017205504402451     
   12.989142436005645        5.9988455858272749     
   12.989379968443776        6.0087285335041027     
   12.987695867933798        6.0001404893064363     
   12.985506199439588        6.0077000718876086     
   12.982120380040225        6.0071573760282178     
   12.979261347959675        6.0042845797312774     
   12.975796653697767        6.0142240781715754     
   12.971851959841004        6.0082032316747398     
   12.966947993796115        6.0139116066986249     
   12.964108968475237        6.0205862935728973     
   12.957425319500942        6.0169078097518947     
   12.949769927472463        6.0276743541672095     
   12.944190150563234        6.0271987464134860     
   12.933304026030918        6.0337208608986455     
   12.923725906005512        6.0408065012743366     
   12.914533833253280        6.0391305837236473     
   12.904266218670877        6.0479180779136676     
   12.899820263783674        6.0466935998571918     
   12.895752763169718        6.0484984844765126     
   12.895186360597830        6.0527584261090546     
   12.899764355779695        6.0450785098512636     
   12.901175124415410        6.0461926681181062     
   12.908825650837949        6.0408393375392722     
   12.915950128884433        6.0359865168049867     
   12.923309918469418        6.0358150067513208     
   12.933966146257497        6.0256171198782225     
   12.940243613949725        6.0264051484875427     
   12.949768643491890        6.0207644035872514     
   12.956370566087678        6.0159263749913725     
   12.958649985266465        6.0183676849692826     
   12.965230881450960        6.0122984091783254     
   12.967887243667187        6.0125651743524129     
   12.971065963802129        6.0114637992217386     
   12.975077601106731        6.0081920308637908     
   12.974976304264835        6.0123274946402541     
   12.977639497642510        6.0083916690767891     
   12.977521181131864        6.0081652428695422     
   12.975806535086654        6.0100641318226842     
   12.977406936367679        6.0069364424160723     
   12.976984138449069        6.0113916864436199     
   12.977244547171383        6.0087761767024848     
   12.972690192385162        6.0095634450514659     
   12.972070157263452        6.0119192499446861     
   12.976875735408205        6.0080789289244967     
   12.974365806288695        6.0122552252517947     
   12.977614768829021        6.0094598327911095     
   12.975540388919718        6.0089892520413821     
   12.973503168112192        6.0124815403672569     
   12.974098536796973        6.0098071388342813     
   12.972672226531476        6.0117293051443346     
   12.973632601994320        6.0115698084401963     
   12.976040285653749        6.0097913565136603     
   12.973406777911922        6.0115315665407447     
   12.974998464036542        6.0099771981792571     
   12.973753853878396        6.0103926578961362     
   12.973316829928329        6.0097172464882886     
   12.973803824106470        6.0081566677009661     
   12.973868583453424        6.0115454597999101     
   12.978718152843522        6.0074231506544695     
   12.977775379939565        6.0087283974374701     
   12.977249134051990        6.0085373288470629     
   12.981510856460043        6.0066575689196320     
   12.979308333674485        6.0085497375697141     
   12.981700180224539        6.0063244643669087     
   12.983572708070080        6.0064946347768569     
   12.983326916884621        6.0065948637815492     
   12.983883851921400        6.0035703926116906     
   12.982899901011832        6.0066083884128405     
   12.984666163365137        6.0050322520060844     
   12.986143227082987        6.0044304542370943     
   12.981906973821946        6.0055369640048673     
   12.986626075863473        6.0035194925322575     
   12.987186234562746        6.0041205124278170     
   12.987713654265631        6.0040191057464112     
   12.987934862926650        6.0031630957837390     
   12.988039723416998        6.0043044715511407     
   12.989262264786552        6.0022919573784215     
   12.988839774710076        6.0030978712310210     
   12.989753163640735        6.0032081826970796     
   12.991232078536811        6.0025070881288736     
   12.987309599359680        6.0037778870606990     
   12.989441767077285        6.0024228212523232     
   12.991032544607172        6.0033173622409652     
   12.990542957854895        6.0038579332460040     
   12.991185490474411        6.0016005483150252     
   12.990729706780872        6.0027739667357940     
   12.992319852361685        6.0014085942571453     
   12.989367994406363        6.0020025616452761     
   12.988987958781170        6.0029342995157799     
   12.990647036904964        6.0011294954431564     
   12.988190650436968        6.0029892265246421     
   12.990762731695629        6.0023412592066592     
   12.991356870796711        6.0015522938528614     
   12.992022848768224        6.0033363962244133     
   12.991356213986315        6.0018588077072437     
   12.991709629893762        6.0036206859273742     
   12.992257191652811        6.0030123563934383     
   12.991121667678129        6.0009446203501673     
   12.990291631598502        6.0029436919890804     
   12.989466832086377        6.0023949986094616     
   12.989110133562328        6.0036918975178351     
   12.990824145742032        6.0034170265349847     
   12.990590607942568        6.0028221930710197     
   12.991823081115044        6.0042101021005250     
   12.990960853110046        6.0021314498247671     
   12.988160107213114        6.0030956824409767     
   12.989418202156038        6.0037721778239979     
   12.988805629824078        6.0027573603653401     
   12.987442173118062        6.0043248010307897     
   12.988030170821105        6.0032686054711260     
   12.987719988927561        6.0040696961959386     
   12.988907002754203        6.0037110550146071     
   12.990159479118311        6.0026462578557487     
   12.986978190085438        6.0049527786946992     
   12.988820448711927        6.0033714915429286     
   12.988375161344695        6.0039716777757217     
   12.989563652150604        6.0047024282371746     
   12.989163526943807        6.0028323320991559     
   12.987294930943886        6.0045098645170540     
   12.988040443064747        6.0039096111724382     
   12.987671165825283        6.0033177549771795     
   12.987048585446384        6.0049235339414944     
   12.987963867053583        6.0052046075360348     
   12.988600892580237        6.0053035277079339     
   12.987556180492231        6.0039216036081600     
   12.988743106493118        6.0035052084695133     
   12.985768725204531        6.0042542483221348     
   12.988226916424075        6.0038733557598727     
   12.987585637128330        6.0047175160120698     
   12.986895794383358        6.0043725203299916     
   12.986694255965979        6.0038230293929011     
   12.986648926447767        6.0052667383821001     
   12.985237794511285        6.0038636786822979     
   12.984885332518123        6.0039762380977644     
   12.987838405589390        6.0051250365073443     
   12.988224979610216        6.0039496196483055     
   12.985107949078621        6.0054475101847036     
   12.984884790723104        6.0047469497200572     
   12.984763852728028        6.0046927050882664     
   12.984823006449158        6.0059471960452058     
   12.984461094784319        6.0048630416913635     
   12.984932870173790        6.0053436664236264     
   12.983875952875962        6.0051230008211736     
   12.983201433130404        6.0046441379299385     
   12.982205649575084        6.0066851434986672     
   12.982569143358308        6.0059488424691319     
   12.981279891786652        6.0062746344187170     
   12.982217205811352        6.0065964452924350     
   12.981305469283075        6.0058243101317839     
   12.981789936420309        6.0066592975410664     
   12.982626497918440        6.0068076530221512     
   12.977930190772849        6.0074217955122222     
   12.978488619888523        6.0070657526021058     
   12.980019157750849        6.0071036981169703     
   12.978340268973444        6.0092546183162812     
   12.977834196274124        6.0086406212776433     
   12.977113762031529        6.0090911991929117     
   12.979300943106846        6.0085388233397543     
   12.978446853816111        6.0083805381952651     
   12.976003960999378        6.0088965058394708     
   12.977560637138211        6.0090684937778551     
   12.976475306942707        6.0086222875672135     
   12.974824320163332        6.0095316398860970     
   12.976508417956040        6.0098089035779356     
   12.975301773121476        6.0107046558553723     
   12.975902807064092        6.0089480510203819     
   12.976469313537585        6.0099466595442470     
   12.974775262926466        6.0093222405479780     
   12.974795066821656        6.0079748073834862     
   12.976864525252937        6.0091248594936326     
   12.980363108297553        6.0078727464952886     
   12.979466212119851        6.0083079698226971     
   12.976724512924157        6.0087056463583908     
   12.978631547908277        6.0078000608185551     
   12.979657325165988        6.0078323052510632     
   12.981201784116038        6.0076064350994898     
   12.978589935249007        6.0072846548064414     
   12.981581992244145        6.0071305748074222     
   12.983032888921045        6.0068668995532741     
   12.982978139815096        6.0074688997371144     
   12.981251951000873        6.0060884590314192     
   12.983676152391062        6.0054371907445621     
   12.982657108131116        6.0060416198382569     
   12.985117779835019        6.0054994932357948     
   12.985425252843509        6.0053669891500618     
   12.986134527839436        6.0049062810973650     
   12.986063545624354        6.0037102897935437     
   12.986117050327820        6.0044289053667868     
   12.987496031648908        6.0045959194989438     
   12.988983184325594        6.0045336371875013     
   12.986323517625792        6.0049100723120725     
   12.988008343962449        6.0034989974118691     
   12.988618042785328        6.0030329338317987     
   12.989484897866799        6.0029335820223801     
   12.990427583108914        6.0016865340916095     
   12.988233220108730        6.0026950619556301     
   12.990849974329123        6.0017515069933207     
   12.992364625079151        6.0023202837373040     
   12.992373852043993        6.0029084501491798     
   12.990869776004349        6.0020874096966468     
   12.991145483407159        6.0021146546791302     
   12.991467239991643        6.0013703665951423     
   12.991573666486278        6.0015784690201457     
   12.992881574786551        6.0025608102394399     
   12.993162728921215        6.0030757660480729     
   12.990019088311909        6.0033044603844834     
   12.990587630011536        6.0019063380089914     
   12.990239703997247        6.0020140079486488     
   12.990375778211426        6.0017153344848397     
   12.990477354180921        6.0006931410253523     
   12.991388061228628        6.0020870953168570     
   12.991267248926997        6.0008961664741935     
   12.992942925720200        6.0016549081623589     
   12.991090312614883        6.0020172367169460     
   12.992214577125850        6.0014967666005425     
   12.993397338559372        6.0011003278001809     
   12.992051257852452        6.0023053883808490     
   12.993619441594500        6.0017254045462147     
   12.991172308049183        6.0014977891362964     
   12.992531793199131        6.0012004793869744     
   12.992648121343667        6.0012209861249168     
   12.990648476057173        6.0009337575595909     
   12.991850954072948        6.0015690636530721     
   12.990970901248803        6.0020642159335607     
   12.992195034099263        6.0011556242544444     
   12.993083633205234        6.0010101351785323     
   12.993151197736243        6.0019080251740746     
   12.992775930443379        6.0012330828175431     
   12.992786365686449        6.0006528723832613     
   12.992801363401806        6.0008107374557280     
   12.992330721200167        6.0017002769406194     
   12.993049752622090        6.0008567149876733     
   12.992802350740453        6.0009598181224142     
   12.991632020300163        6.0012569715657529     
   12.993503578546150        5.9998330182991975     
   12.993085803219625        6.0016285773786473     
   12.992237594170795        6.0018713834204345     
   12.993038395202687        6.0008383087421571     
   12.992249951715218        6.0022903599841708     
   12.993735670891944        6.0018898208572695     
   12.994360392937793        6.0008030914453192     
   12.991415021825047        6.0010224293811181     
   12.992630272664929        6.0012116694981508     
   12.993535047714392        6.0022932396813422     
   12.992596581945227        6.0023917695160138     
   12.995145211921550        6.0009169636581809     
   12.994794361102848        6.0005364322167027     
   12.993827224266129        6.0005464804823365     
   12.991450256276766        6.0014028295554755     
   12.992849864005976        6.0002826540528940     
   12.994836948882902        6.0006207626210699     
   12.994560287017794        6.0006131935255036     
   12.994998767751389        6.0004698977448898     
   12.994998904610803        6.0015536686811286     
   12.994765596006504        6.0018821105097295     
   12.993127704694007        6.0014673589938017     
   12.992598681901182        6.0025174144776594     
   12.991735913328677        6.0007456028739590     
   12.992793500252493        5.9999286334239397     
   12.994507079272257        6.0009886789215985     
   12.994612823309447        6.0007129772040866     
   12.993145910515992        6.0008546147081425     
   12.994318648287248        6.0003246869462830     
   12.992013917875120        6.0000962284817172     
   12.991517438146847        5.9999712066625248     
   12.990544780446758        5.9996628868470969     
   12.989920272759690        5.9994794911651592     
   12.989603853750609        5.9989607141961834     
   12.991501373928607        5.9994779178173161     
   12.990532394252151        6.0015232122129722     
   12.991621985968928        6.0037150709304550     
   12.995081272923473        6.0044871615993536     
   12.998625281136043        6.0038815271086055     
   12.998197835043619        6.0032494659125559     
   12.998259145699045        6.0015887800122378     
   12.995374074116670        6.0002500700130632     
   12.993534404356826        5.9988941692436972     
   12.992589312248835        5.9981722854538244     
   12.992380428942791        5.9991739049397301     
   12.990115347716809        6.0034356232265482     
   12.989904179390447        6.0053887365771557     
   12.989335579344154        6.0054965735999613     
   12.988712249484767        6.0049680869842872     
   12.987864558805864        6.0024232541068807     
   12.988109348468470        6.0011158698963225     
   12.988303069759237        6.0005987855331515     
   12.987424867918367        6.0045149078518021     
   12.986168704165852        6.0076691313811130     
   12.982407397084486        6.0101152611538913     
   12.975804251011407        6.0100344607866658     
   12.972604440197550        6.0104502930400505     
   12.968676744400330        6.0136122520405362     
   12.964234211004786        6.0185675622708006     
   12.957630504772125        6.0255010803619777     
   12.944387730206385        6.0309256959550526     
   12.929417666352768        6.0343664500226124     
   12.920132319647923        6.0372783191446766     
   12.910362370091820        6.0425995429448278     
   12.902453515003771        6.0490138754236868     
   12.895783083218708        6.0544342800133188     
   12.889931314491204        6.0530577441718885     
   12.889520154878625        6.0506212995273412     
   12.893163431857332        6.0495113951299739     
   12.901877894130273        6.0471495234805381     
   12.908374626553393        6.0437890205023868     
   12.916539480030874        6.0366043490794548     
   12.928159525941812        6.0301157283155167     
   12.938512954656940        6.0253708730863655     
   12.949626397932050        6.0221995405378816     
   12.956466401797924        6.0200242735744656     
   12.959972201072866        6.0136147127907114     
   12.967082374048132        6.0093557704462999     
   12.974537652782175        6.0089697120065910     
   12.981818042017540        6.0093934063789041     
   12.981354363988043        6.0070544278986366     
   12.984615836024425        6.0041510042670119     
   12.985571575138300        6.0030597861304376     
   12.985951374553304        6.0047718679597386     
   12.988976207831032        6.0054274188283072     
   12.988895613398427        6.0018977215652125     
   12.988753833769358        6.0014561301031595     
   12.991451919058097        6.0021187796574536     
   12.992420035748344        6.0037710685731511     
   12.992892589517384        6.0027263212226893     
   12.991071825837585        6.0007926789199564     
   12.994006409304578        6.0008823625090928     
   12.994280661477834        6.0015003388372268     
   12.992056746565286        6.0015412086014335     
   12.988691083022980        6.0003688157092618     
   12.995051509235376        5.9990266678393933     
   12.995705162489251        6.0014520251603916     
   12.994597233302812        6.0017109721168227     
   12.990547401325802        5.9995154895255167     
   12.992764723079000        5.9994130404580135     
   12.995235776701968        6.0010364803774543     
   12.994698863696710        6.0023279669267602     
   12.993643618525528        5.9998395783936909     
   12.993941874577963        6.0006905637106502     
   12.995280288178758        6.0013064015047055     
   12.994356958081822        6.0008425218102417     
   12.992985727071421        6.0000946540646369     
   12.992906436221448        6.0005893112913125     
   12.994606868934021        6.0022692641190032     
   12.993475862022873        6.0014257276178942     
   12.990670451197571        6.0008837663325085     
   12.991340960038642        6.0002822292342373     
   12.995717483242512        6.0024744210550480     
   12.991647549911807        6.0009719865469755     
   12.991308007213956        5.9995093033530669     
   12.993212016251288        6.0004935436660753     
   12.991448569971791        6.0039633742138676     
   12.992789226269560        6.0025891624616285     
   12.992865266847254        6.0018530988577004     
   12.991898761624284        6.0023747763994537     
   12.992411141790006        6.0032553573891905     
   12.990177068432537        6.0022673684668542     
   12.990765688864318        6.0022555489570655     
   12.992269990600828        6.0028202303136764     
   12.989778884817518        6.0030399595916997     
   12.988055471485382        6.0015481317675787     
   12.989554740479196        6.0024390908818672     
   12.990249459133651        6.0042521176898589     
   12.992126209054490        6.0021383001959716     
   12.989147700114790        6.0018761052050706     
   12.989044471525336        6.0031051361051260     
   12.988689479309395        6.0045071831070471     
   12.987302075515128        6.0042543148496721     
   12.990555357483437        6.0022739153568123     
   12.991631201878448        6.0051403068214446     
   12.990309590621576        6.0040703928852102     
   12.988504658938741        6.0027118376771442     
   12.987223083685050        6.0028688864407362     
   12.989528289861523        6.0037973032100478     
   12.988428666782852        6.0024615717301586     
   12.986931235778787        6.0024998154297027     
   12.988853046471819        6.0043160230734287     
   12.986446300228170        6.0047137433907967     
   12.988190207923363        6.0032765150549734     
   12.989260509744877        6.0042703947444869     
   12.989733013969143        6.0045709749747003     
   12.989264893712578        6.0040824586829888     
   12.988641623714946        6.0030221902936294     
   12.988529993688530        6.0050734811938238     
   12.990192919808635        6.0044292815185312     
   12.987406869660987        6.0029643401891866     
   12.987778273945221        6.0036885646622036     
   12.989626819696557        6.0036764872225277     
   12.989557213598310        6.0032753915461576     
   12.990887195819965        6.0043141048347088     
   12.993035223704872        6.0061657331817155     
   12.993948722072883        6.0063574221537515     
   12.994034175185817        6.0053000821672367     
   12.995504479735519        6.0058744846674159     
   12.993107073951776        6.0057666993698371     
   12.986390393321045        6.0010891634536518     
   12.979721433440062        5.9988879605750425     
   12.979506481361824        5.9988671007679679     
   12.983049660663823        5.9988671864166427     
   12.993159414535690        6.0003573787363234     
   13.002970284853891        6.0045004243658013     
   12.999255811973910        6.0044690489531067     
   12.981860266716446        6.0033612439537247     
   12.971597423019983        6.0044589752772426     
   12.979091903599134        6.0042600785085076     
   12.996982301187767        6.0009890652264462     
   13.005672337600792        5.9997486857051552     
   12.994340704539759        5.9999619241520410     
   12.983126147821775        6.0021960856608700     
   12.990519995315015        6.0025700873513754     
   13.004809097784523        6.0009818593090083     
   12.996526498306384        6.0000815281214903     
   12.982190489594966        6.0026587147426831     
   12.986769576141212        6.0050186765707148     
   13.001025282121233        6.0019828229321694     
   12.991034027639131        6.0010008357871873     
   12.981443125770335        6.0038062345453342     
   12.991931761994774        6.0029840866402617     
   12.999032514042380        5.9983659754690288     
   12.988496389483334        6.0006313580206978     
   12.987118984000432        6.0038632700268346     
   12.999876315322849        5.9998672990872528     
   12.996380717549872        5.9979365799433859     
   12.987819398324273        6.0025229347794289     
   12.995134127646985        6.0004798274389755     
   12.999272959401086        5.9970286336898466     
   12.988901696775800        6.0006107018415022     
   12.995163682675251        6.0015962768541975     
   13.001443437160312        5.9976254037399643     
   12.991473923529011        6.0001639528452779     
   12.991212941573220        6.0030383963582574     
   13.002352964851999        5.9974212069267958     
   12.991267437427185        6.0000362541764023     
   12.989469958384060        6.0037888682635057     
   13.001389046638062        5.9983727241228495     
   12.990262029447182        6.0017759954627365     
   12.991374923339505        6.0031773630038350     
   12.999740886152015        5.9974891169060465     
   12.988908129183084        6.0010415598620144     
   12.993611714071708        6.0027241485018221     
   13.002840609981561        5.9973542895733507     
   12.988109710680927        6.0022311076217232     
   12.995581039519955        6.0011891553005805     
   12.997122048754555        5.9982838731942119     
   12.985876325934001        6.0020392731720644     
   12.999098366771983        6.0005429264285537     
   12.994476688999871        5.9989881014419915     
   12.988728631848273        6.0023588195732831     
   13.002910254957566        5.9973028704265081     
   12.991465207083269        6.0002259534254563     
   12.993386772147378        6.0013693449451733     
   13.004726694161226        5.9963064219434168     
   12.986527263587728        6.0021159497690393     
   12.999300167761588        5.9980091342650956     
   12.996301637562086        5.9970148673293542     
   12.990810440187030        6.0026419870803842     
   13.003639919404247        5.9963256201574797     
   12.990018431156706        6.0014563153120886     
   12.993463711108687        6.0015178841196510     
   12.999482236741681        5.9965331766548911     
   12.987085891060946        6.0043078932433565     
   13.005153363865666        5.9977131728296769     
   12.991471022239672        5.9996198321717502     
   12.993747493911645        6.0023192853136500     
   13.004199576464774        5.9962122845799417     
   12.984064900197879        6.0036574009156860     
   13.001365766170764        5.9978384073129618     
   12.992120562767283        5.9992191617391182     
   12.988827030340046        6.0026794956208427     
   13.002273881649726        5.9955823311127423     
   12.984471313476456        6.0041322223767999     
   13.002437240064854        5.9979610255595004     
   12.991623793833771        5.9986847226541924     
   12.992412148120062        6.0015962595713761     
   13.003299837051383        5.9964245469805730     
   12.987367794825865        6.0036139255420231     
   13.002544830973005        5.9982798073108574     
   12.991144001701933        5.9993365725201304     
   12.992952895051779        6.0011070414223004     
   13.002162832671196        5.9975720965609147     
   12.989514978747382        6.0024989502688779     
   12.998733431824618        5.9981055492232276     
   12.994233872523797        6.0013180448847869     
   12.991996336305508        6.0011737695269831     
   12.998309076365274        5.9993455012498620     
   12.993231861757151        6.0006882853976791     
   12.998553408677783        6.0005299508481968     
   12.993609000922854        5.9989688407501092     
   12.974035133927568        5.9834966657795787     
   13.014041391236294        6.0136613248664830     
   12.975972091160928        5.9979006182546426     
   13.008640889942420        6.0115513759708072     
   12.989142187388953        5.9887143563655680     
   13.014571214948464        6.0092481621770331     
   12.986892157502124        5.9901985924749237     
   13.011422159345862        6.0080988131046054     
   12.976233264302026        5.9944169265199028     
   13.014001749820245        6.0065688499120036     
   12.974195627002713        5.9970335561794563     
   13.007403090790476        6.0045340549499864     
   12.980810254736268        5.9957651917506336     
   13.003660029321811        6.0042593223678411     
   12.992027912622550        5.9945686147144288     
   13.000350253340830        6.0024554554954017     
   12.995302828582410        5.9949334157468126     
   12.999963853578674        5.9996030835884513     
   12.994928580525098        5.9999318242023172     
   12.995205422685395        5.9992944628082681     
   12.997412737478781        6.0016318411113279     
   12.990918314093957        5.9997104115464923     
   13.000800290125644        6.0006251555833172     
   12.983994673834520        5.9980434970091485     
   13.004366578333117        6.0015093135409678     
   12.984581797513487        5.9984297848662465     
   12.999747556628243        6.0030287804220652     
   12.989966205570642        5.9959419770863791     
   12.996715785773072        6.0032418671431875     
   12.993359249962371        5.9964365509116435     
   12.996131425229709        6.0033984509265803     
   12.992031928914560        5.9982794964202251     
   12.996056780658012        5.9988558106265355     
   12.991148560569108        6.0013660011977965     
   12.991772833136187        5.9989020827501411     
   12.995662336625905        6.0008883960191621     
   12.984468486072162        6.0007951186624737     
   12.997530758147501        6.0022397283382540     
   12.980930365416299        6.0009563909125525     
   12.992184642042716        6.0052695316674027     
   12.978918736485777        6.0031386433573921     
   12.986130220650264        6.0095639928630433     
   12.975602927208827        6.0060254973311142     
   12.973744614969263        6.0111972942918994     
   12.966728680417843        6.0134522057272219     
   12.963925133101098        6.0172534023259754     
   12.954923013929960        6.0230954741935685     
   12.948265845993294        6.0235710982986150     
   12.938967121284643        6.0318483370655906     
   12.924071308018208        6.0342256272118648     
   12.923304853261584        6.0417770873736742     
   12.900476093312472        6.0446329536108223     
   12.903750873493621        6.0496301148877842     
   12.888428077614037        6.0511125519954758     
   12.892958316221225        6.0527043246023631     
   12.890318340252367        6.0497905713637810     
   12.893962893949698        6.0485189910748405     
   12.901762447715093        6.0458878022902196     
   12.910365863903905        6.0383540488991736     
   12.918722675167523        6.0371150530794679     
   12.933270429165447        6.0259789921705860     
   12.938973914853886        6.0270189469301698     
   12.952245713061476        6.0171188959800217     
   12.958341080280793        6.0176790316421842     
   12.963638674814717        6.0125549198100261     
   12.971397193324325        6.0116722122435693     
   12.974261339554321        6.0078108074423771     
   12.977182390392478        6.0064988551445744     
   12.984408565418562        6.0055396589486252     
   12.979677970876857        6.0022003225095730     
   12.993132801012628        6.0037140061625243     
   12.984050503514840        6.0003150204524287     
   12.991503947819979        6.0019998276593398     
   12.987275235738103        6.0012390990483224     
   12.990063573901043        6.0029383612619238     
   12.992290167131888        6.0001031200440389     
   12.992610126551060        5.9999212367111960     
   12.990894800121740        6.0024069125460651     
   12.993876397981552        5.9985029397811562     
   12.989546032563718        6.0037495264220047     
   12.994175789118209        6.0000663245814385     
   12.991285652780638        6.0027396412538492     
   12.990980243929208        6.0001047073381812     
   12.995685137258089        6.0028463969757500     
   12.991729718621249        6.0020900095764338     
   12.991524225360225        6.0023443944139920     
   12.992952735152546        6.0022846964042200     
   12.987568947123734        6.0006178371797638     
   12.993626162860433        6.0012484473298722     
   12.984657265158578        5.9999650701389511     
   12.992524377120239        6.0015544349986332     
   12.988331699773022        5.9994825208330242     
   12.988441881149527        6.0013545847437602     
   12.986961376773827        6.0020286332274244     
   12.986594029949671        6.0018356634846182     
   12.987445593483800        6.0034160765493016     
   12.991001162072367        6.0012120529261432     
   12.988859207043713        6.0045107169912058     
   12.991409018013902        6.0015560925697011     
   12.989591616652614        6.0048736488177896     
   12.987681974335086        6.0021656476816716     
   12.988096070369025        6.0023582563867413     
   12.986054016156633        6.0028024889182525     
   12.986007010485038        6.0015266261074860     
   12.989649398108675        6.0032725834251108     
   12.986745127607971        6.0025096301335372     
   12.993238286918274        6.0030386807483929     
   12.984097541942630        6.0018603667255430     
   12.992453146798479        6.0024247144176464     
   12.987406903511452        6.0019656236248791     
   12.987114033655400        6.0014107175216944     
   12.987806274822844        6.0017092414073705     
   12.986121526196397        6.0010447992452427     
   12.989268484580714        6.0059427251102964     
   12.987255085226392        6.0036682399654477     
   12.982650290984587        6.0045362872605228     
   12.984920034395419        6.0030733028849959     
   12.983260583347221        6.0035445021292464     
   12.987277598691676        6.0046080744164936     
   12.989389370192463        6.0018566544242749     
   12.987756987620342        6.0052793018776827     
   12.988509438377141        6.0024646780183728     
   12.986528773389525        6.0047887916228753     
   12.982756197473497        6.0018704992196037     
   12.987620214316589        6.0033342898478095     
   12.985635497231389        6.0031851856047416     
   12.991804072230448        6.0026524929064200     
   12.993237474571636        6.0036533681238851     
   12.987746711649558        6.0028851309521185     
   12.985845761062004        6.0025093184817537     
   12.981331859861427        6.0021625467640396     
   12.990601457619217        6.0009847646228849     
   12.987921482822923        6.0025284110737163     
   12.990117914355512        6.0035609300675494     
   12.990035503290986        6.0025449184189386     
   12.986246286387988        6.0016352323682032     
   12.988172217888668        6.0031229317138495     
   12.989980258344854        6.0007600965840373     
   12.990525879522998        6.0038118896022761     
   12.992645438927713        6.0024513204540080     
   12.988165795056496        6.0022272622019024     
   12.989846207007247        6.0018635788121850     
   12.988528746480281        6.0001590958262359     
   12.990467222291691        6.0014467014575210     
   12.993493217194679        6.0007410589440759     
   12.990517756370007        6.0021242652185185     
   12.991029508506468        6.0012639593332091     
   12.991235144015844        6.0009504909816389     
   12.989549235640416        5.9997261457496380     
   12.993728272594913        5.9995153077769796     
   12.995111568321050        6.0021110884570286     
   12.987674012129226        5.9993091903626183     
   12.990317764292506        5.9994197066267718     
   12.985766457696014        5.9975084066361157     
   12.991029056112474        5.9973903236283546     
   12.987364518640616        5.9992879707983695     
   12.986539377515234        5.9983004858755091     
   12.988189446418561        6.0004794239832169     
   12.987683343737073        6.0007290937288795     
   12.993562155537701        6.0013513529182001     
   12.997578333714333        6.0018524418435559     
   12.998563756286913        6.0041745500304762     
   12.999252485876438        6.0027449749478476     
   12.995275489863804        6.0013065207266267     
   12.992539760724679        6.0007694985192757     
   12.990360879410428        5.9971441644043919     
   12.984057763242053        5.9993107270935440     
   12.984591656080056        5.9967905942348780     
   12.987746677587801        5.9982246359722584     
   12.997112515125401        6.0003405852678720     
   13.001134899401860        6.0004087308158143     
   13.001569633330892        6.0016871439307975     
   12.994902477201771        6.0004532323557882     
   12.988128409742970        6.0009675208416802     
   12.983708185903806        6.0011391238273877     
   12.986730509460807        6.0024323949188032     
   12.985981445354700        6.0029761935269299     
   12.997469749966044        6.0007614706394401     
   13.007256238009512        5.9983003471962704     
   13.005169711488449        5.9952376817179829     
   13.001287688111956        5.9968733483585499     
   12.986126649640813        5.9986547435641224     
   12.989407682194388        6.0023136222703570     
   12.991802126454816        6.0052515284275136     
   12.997991285268444        6.0027456247696485     
   12.997495798992052        5.9993400411792921     
   12.992127397375441        5.9976808077981936     
   12.990004513258945        6.0011042698582928     
   12.989308759181320        6.0034161827738286     
   12.991131077897037        6.0043329507809808     
   12.996787496242085        6.0002749282595937     
   12.995110381507583        5.9973856189921264     
   12.995459981029530        5.9984567795201533     
   12.991013339370717        6.0016134761546454     
   12.991794830363975        6.0044607861513706     
   12.997626569186949        6.0007369615278536     
   12.996564327858643        5.9972957604513839     
   12.998705567135207        5.9977965344374438     
   12.994032958722446        5.9997221821650406     
   12.992742698094020        6.0043200298300343     
   12.997121507677964        6.0017902832759429     
   12.999021301713896        5.9985324603948644     
   12.994537847627168        5.9979147470600243     
   12.991128169348379        6.0012955894542852     
   12.990757499972624        6.0057605008281012     
   12.994399369002794        6.0036848282793880     
   12.996737005727461        5.9986270692179069     
   12.991908686917693        5.9983513008138090     
   12.994038513688070        6.0023214334055766     
   12.991296933540294        6.0054261232261146     
   12.995346249317400        6.0020288256197079     
   12.991674743312721        5.9997010234081651     
   12.989663454912755        5.9994230736090923     
   12.996051768894528        6.0029239567131860     
   12.993916972154327        6.0049272861724834     
   12.996630732150177        6.0021355247106083     
   12.995223607093990        6.0000049994378175     
   12.994951437972066        6.0014946440664128     
   12.995464414948426        6.0061803058553016     
   12.996963405382468        6.0032029821523132     
   12.996360379807800        5.9997431689552982     
   12.996923091854088        5.9996287680463158     
   12.991095230338633        6.0020601766472153     
   12.989056870819789        5.9994593708353952     
   12.982047528939155        5.9921863381087004     
   12.980946334489513        5.9948491819623282     
   12.985375170186755        5.9988622780716119     
   12.989371469079613        6.0046479549501646     
   12.995961622800689        6.0039408891148982     
   12.995724942970895        6.0035406270404907     
   12.996385472462773        6.0040994202338442     
   12.990763845370708        6.0009077742881409     
   12.992365633862660        5.9954264234913586     
   12.996247063764605        5.9929556784218425     
   12.998846464590923        5.9994752035552699     
   12.996799090941678        6.0090384993886241     
   12.989843082482388        6.0085414327863615     
   12.983323886960743        6.0032902956870009     
   12.977406419711116        5.9999743248167805     
   12.988348141991708        6.0005373192825004     
   12.997714660148279        6.0003649880564938     
   13.006078503742135        5.9997076239106883     
   12.995742121038530        6.0014178323774141     
   12.987119749803114        6.0014583335822360     
   12.989412696567411        5.9987749669225883     
   12.996776669074634        5.9969736258835757     
   13.002302905769742        6.0011506847221394     
   12.989016540434914        6.0054954274458545     
   12.980983171601974        6.0019935892774674     
   12.982986185284069        6.0003890626823111     
   12.991895522105111        6.0019100230784446     
   12.992774878487918        6.0070855683905666     
   12.985516545719740        6.0041399250166405     
   12.979041716433930        5.9998961281153083     
   12.986521561544379        6.0015370867659810     
   12.993035507081169        6.0048731300863709     
   12.994912862704243        6.0043626756851713     
   12.983315868355302        6.0002413536672963     
   12.980486545958023        6.0027026711640135     
   12.993946796436799        6.0051682021489556     
   12.992251270896237        6.0028639367621173     
   12.984271574981458        6.0012077818454781     
   12.976341649062357        6.0052810193192929     
   12.981993528932207        6.0066738549855438     
   12.990529138571439        6.0031249178003554     
   12.981363035492768        6.0046576602185198     
   12.973286470487988        6.0076753606505928     
   12.977691171520869        6.0076008830513512     
   12.984724270428799        6.0059984777595936     
   12.977652975932349        6.0066224759657123     
   12.966729536504598        6.0111871240777814     
   12.974418022743258        6.0086519347407750     
   12.980984892774877        6.0071063145740178     
   12.972305317163041        6.0115749418215936     
   12.966823351287651        6.0110259467043896     
   12.974767332382676        6.0093123053779065     
   12.974869157491550        6.0100778874753766     
   12.971641015302609        6.0113757895253910     
   12.966765441571601        6.0114344160284734     
   12.975716362092250        6.0076667383823663     
   12.977053396109664        6.0105948389840105     
   12.968173511562149        6.0117020248303845     
   12.968941535872641        6.0100354049760298     
   12.973563898725292        6.0091233481785169     
   12.978332543165353        6.0119218982629210     
   12.967680138754901        6.0121403071181785     
   12.968148233062671        6.0089140054789407     
   12.977191149448739        6.0097162200323302     
   12.971223369246498        6.0128594327135598     
   12.964556452627123        6.0114787793412248     
   12.969740642724382        6.0104340321895204     
   12.970181172019556        6.0128800181664994     
   12.965434275355662        6.0161454453847432     
   12.960061269704738        6.0134334961442901     
   12.963316254826569        6.0153861634440000     
   12.960523365260674        6.0205847020294350     
   12.946861109569518        6.0207529020170387     
   12.948104505439261        6.0214342344684013     
   12.947401211651595        6.0263631688107990     
   12.937344162239260        6.0313651143722824     
   12.928669819333663        6.0314097018542032     
   12.922898013942866        6.0356602158453887     
   12.920345032815497        6.0416295679243559     
   12.906546975380053        6.0432492419176551     
   12.904829215597086        6.0441594827953136     
   12.906189500389864        6.0474928938227217     
   12.897875018390813        6.0482623300046434     
   12.895087663315282        6.0440233503526120     
   12.903451293957719        6.0439969497634403     
   12.908302982612172        6.0431875153514900     
   12.912241041336324        6.0366872988821125     
   12.920042150464409        6.0322725993111828     
   12.933041147847245        6.0307873294792200     
   12.938746673212414        6.0255064136353740     
   12.942054950677960        6.0194013572754459     
   12.955635209715883        6.0177504957215051     
   12.962500746313509        6.0178398415314920     
   12.964003973925619        6.0115052863477656     
   12.971458833337426        6.0083047060946182     
   12.976867017599512        6.0089527813555819     
   12.977783675877847        6.0055755909136064     
   12.979394214389885        6.0041065188702794     
   12.988046165140307        6.0064692712205270     
   12.987203711115534        6.0043110196277851     
   12.984636740018114        5.9996615596938065     
   12.989783402408694        6.0016149168776360     
   12.990205780373753        6.0034555447733489     
   12.987641293434580        5.9999082773841286     
   12.989984954348433        5.9991501512195713     
   12.991771381124458        6.0021764265069324     
   12.991118440131155        6.0013436337436383     
   12.990030046653981        5.9985332671448504     
   12.992966461041677        6.0009640129250981     
   12.991536699548508        6.0036636657056830     
   12.991302511772902        6.0007530101696887     
   12.995544207492136        6.0018530216956067     
   12.994705666070065        6.0034885467641699     
   12.990240740243021        6.0006347289256121     
   12.994258453226031        6.0006852331604019     
   12.992862790336700        6.0009451692636464     
   12.989173754255418        5.9989974112196620     
   12.989807015560551        5.9979663300785555     
   12.990752869793187        6.0025369825192270     
   12.992020095516237        6.0024105524566576     
   12.989066161054710        6.0002800034155399     
   12.996786393411684        6.0025452445171368     
   12.994638364647725        6.0013312109356596     
   12.988575348535456        5.9985772295891593     
   12.991999675477249        5.9993263150514773     
   12.988880680803103        6.0033775884068170     
   12.989089588833682        6.0028036956221742     
   12.996667888494866        6.0006728329739429     
   12.996969847537414        6.0008403877407472     
   12.993994501041048        5.9982179265738935     
   12.994278796772788        5.9955971685419991     
   12.997746346686172        6.0003461606319197     
   12.990775348234028        6.0028375525484279     
   12.990580299752096        6.0015953689441641     
   12.992906107539904        5.9997550093525032     
   12.990768111147258        6.0001374269471972     
   12.990903567692218        5.9994125628911803     
   12.999424875095315        6.0009819227746481     
   12.991447442451838        6.0028384857440615     
   12.987491799695951        5.9972320940610890     
   12.997033796309296        5.9970716300510523     
   12.997582468934757        6.0026683520245143     
   12.993346942834872        6.0015515369459820     
   12.989855325614549        6.0012794390838620     
   12.991273272032872        6.0008670711078773     
   12.990388502397483        6.0006554356441661     
   12.991260027550796        6.0024853393418525     
   12.989816352424995        6.0028438872012275     
   12.981850539291138        6.0020499787349681     
   12.991023198130698        6.0005031195798946     
   12.994984656325666        6.0039083392653048     
   12.982915288937392        6.0039369102485152     
   12.982592071330219        6.0008464927559544     
   12.991017637999621        6.0030678011995464     
   12.987910678193387        6.0053515115519271     
   12.985403782216085        6.0047779422814953     
   12.985005259653743        6.0033462762280774     
   12.985991787811452        6.0064060869077869     
   12.984845031801550        6.0055012182014842     
   12.980131181335954        6.0048021299683878     
   12.975299923915836        6.0056728332543692     
   12.976267480733650        6.0053897031946732     
   12.976220883874872        6.0049522775904158     
   12.968699323979822        6.0062726720528348     
   12.969942702092535        6.0070844068622957     
   12.982410436659528        6.0118035207152216     
   12.978026380867313        6.0147964659600639     
   12.977424160625791        6.0154156203411926     
   12.985432863677163        6.0125707947653027     
   12.971834755444467        6.0105183869356917     
   12.960887167761605        6.0088992956110872     
   12.969434826224939        6.0065273751580115     
   12.978598952023059        6.0126993126834032     
   12.976654421361367        6.0125626929180456     
   12.979835555008075        6.0106334537325186     
   12.968481197151569        6.0122771927836887     
   12.953283937134207        6.0131512606469597     
   12.967118766502395        6.0110361120953497     
   12.987688659623569        6.0064487910137698     
   12.983382086771144        6.0020946847682914     
   12.977186613854464        6.0056420905554893     
   12.973919649756240        6.0110058733949305     
   12.974614587337511        6.0104076015363468     
   12.982786094462355        6.0039615721230648     
   12.976559986637703        6.0057591468117222     
   12.968360905533505        6.0132770962993511     
   12.981313792053644        6.0083140867997562     
   12.988765373080739        6.0016650229593598     
   12.978117355506015        6.0048420258819446     
   12.979020664459810        6.0072890597002910     
   12.993140820861754        6.0008118579362115     
   12.989219484834823        5.9983475584079819     
   12.982086114262643        6.0051582220327120     
   12.993479168586605        6.0038568875523817     
   12.990246117648933        6.0001137993143407     
   12.985210629877773        6.0025175626619243     
   12.990514825561490        6.0056844490614525     
   12.987468937484262        6.0009932163669015     
   12.985428650834884        5.9986805055201780     
   12.984998502378080        6.0043638114998004     
   12.987176665970818        6.0003241971714392     
   12.989260278132793        5.9984436403286958     
   12.989771823100288        6.0042832378415847     
   12.989468757583641        6.0012425604789099     
   12.992422685443714        5.9961848499160100     
   12.996778614477062        6.0010038329959832     
   12.992709554208501        6.0002466533782881     
   12.993703497950563        5.9946659884652105     
   12.996701257070900        6.0003286289012729     
   12.988684123918956        6.0021453602221104     
   12.998815430533501        5.9972627074116351     
   12.998843611302942        6.0028608915749251     
   12.987363874361060        6.0031838840486120     
   12.995063403121655        5.9997119850164795     
   12.995907042793920        6.0040854822583603     
   12.989568111014879        6.0025358506905393     
   12.999023775058372        5.9997967940828882     
   12.992340973228888        6.0037699436234755     
   12.988356639712547        6.0001632611527782     
   12.998863817909070        5.9981735970989805     
   12.988396913049106        6.0017913581783295     
   12.990035298544202        5.9987680192411181     
   12.997897044295453        5.9979250569152196     
   12.990089658843415        6.0029067312900892     
   12.997922384871279        5.9969580956435200     
   12.999109591073816        6.0000395668032871     
   12.994250776379204        6.0032596622961663     
   13.001194492382563        5.9968096379054199     
   12.996775230280953        6.0023429047764987     
   12.997581185566084        5.9992621462537832     
   12.999055806428162        5.9947933522608805     
   12.992553117201167        6.0030363762863628     
   12.995343918209773        5.9972612484095054     
   12.994407061635842        5.9963191237153524     
   12.989178593601022        6.0043648118542805     
   12.998274468344615        5.9970642410639838     
   12.996217984346423        6.0025261809178945     
   12.997290848491534        6.0039216944488709     
   12.997880485637193        5.9978386011273566     
   12.986552745246721        6.0044107785259122     
   12.993341129203888        5.9999544067430497     
   12.988386475639253        5.9996891636138008     
   12.990407147714601        6.0017011431512737     
   13.000800949494380        5.9995168579024751     
   12.990114315898078        6.0018366355260895     
   13.000182289432052        5.9984143684858786     
   12.997651355524425        6.0001439122794080     
   12.987092124439837        6.0033492817915377     
   12.996014250882052        5.9977495664780447     
   12.984252573395018        6.0054714566420309     
