        (0.10275396469820039,6.34461629426056328E-002)
            (-0.33885499508292249,0.54879117329849225)
             (0.55923417919003282,0.34530310300120182)
            (0.18202515456875151,-0.29479806877623099)
      (-0.10780788116173604,-6.65667394418719971E-002)
  (-1.88030042340136885E-002,3.04523259354516629E-002)
   (7.03334059847178505E-003,4.34278594458262918E-003)
  (8.49912056559983670E-004,-1.37647147448990981E-003)
 (-2.33950992225933491E-004,-1.44454696389906267E-004)
  (-2.17115485507887729E-005,3.51628465749820318E-005)
   (4.73881050495547629E-006,2.92601209427034714E-006)
  (3.57491728202735670E-007,-5.78974214661409636E-007)
 (-6.47054556497661526E-008,-3.99528420763628489E-008)
  (-4.11479374531897868E-009,6.66409674665580098E-009)
   (6.36478626747649656E-010,3.92997998727162567E-010)
  (3.49948021949320065E-011,-5.66758549813695112E-011)
 (-4.72724116795664173E-012,-2.91855428713461151E-012)
  (-2.29288810160710455E-013,3.70897756951649171E-013)
   (2.74467948369050418E-014,1.70592706627559210E-014)
  (8.43942971062716651E-016,-2.05217787208056279E-015)
